Algorithm,Iteration,N,Evaluation,TrainingTime
RHC,10,10,17.0,5732027.0
SA,10,10,0.0,2059024.0
GA,10,10,17.0,1.4353698E7
MIMIC,10,10,17.0,5.3600004E7
RHC,10,30,5.0,285538.0
SA,10,30,6.0,347372.0
GA,10,30,49.0,8231764.0
MIMIC,10,30,10.0,1.02774759E8
RHC,10,60,3.0,411568.0
SA,10,60,1.0,448984.0
GA,10,60,13.0,5572913.0
MIMIC,10,60,20.0,1.67837241E8
RHC,10,100,1.0,167384.0
SA,10,100,3.0,170535.0
GA,10,100,11.0,4639894.0
MIMIC,10,100,17.0,2.49797268E8
RHC,10,200,4.0,155569.0
SA,10,200,0.0,166990.0
GA,10,200,9.0,5342907.0
MIMIC,10,200,28.0,7.0681711E8
RHC,10,300,0.0,207163.0
SA,10,300,2.0,204012.0
GA,10,300,7.0,9448353.0
MIMIC,10,300,18.0,9.33253829E8
RHC,30,10,10.0,60258.0
SA,30,10,0.0,79557.0
GA,30,10,17.0,3267736.0
MIMIC,30,10,17.0,9358162.0
RHC,30,30,22.0,63015.0
SA,30,30,5.0,88222.0
GA,30,30,39.0,3746652.0
MIMIC,30,30,43.0,3.7175073E7
RHC,30,60,14.0,84677.0
SA,30,60,3.0,103582.0
GA,30,60,11.0,4117655.0
MIMIC,30,60,18.0,9.5688299E7
RHC,30,100,5.0,96886.0
SA,30,100,1.0,134695.0
GA,30,100,9.0,3818332.0
MIMIC,30,100,12.0,2.3114908E8
RHC,30,200,7.0,174080.0
SA,30,200,2.0,210708.0
GA,30,200,9.0,9522789.0
MIMIC,30,200,19.0,1.021826127E9
RHC,30,300,1.0,358793.0
SA,30,300,2.0,398178.0
GA,30,300,14.0,1.2321849E7
MIMIC,30,300,15.0,2.237259592E9
RHC,60,10,17.0,224098.0
SA,60,10,17.0,423384.0
GA,60,10,17.0,9044267.0
MIMIC,60,10,17.0,3.4196813E7
RHC,60,30,24.0,263089.0
SA,60,30,8.0,358400.0
GA,60,30,43.0,1.0429027E7
MIMIC,60,30,41.0,1.28362899E8
RHC,60,60,8.0,264664.0
SA,60,60,7.0,362338.0
GA,60,60,80.0,1.1550306E7
MIMIC,60,60,30.0,2.86735246E8
RHC,60,100,4.0,230006.0
SA,60,100,7.0,321771.0
GA,60,100,14.0,8459012.0
MIMIC,60,100,30.0,5.27386635E8
RHC,60,200,2.0,556110.0
SA,60,200,5.0,708134.0
GA,60,200,9.0,2.0639865E7
MIMIC,60,200,23.0,1.653434903E9
RHC,60,300,1.0,476947.0
SA,60,300,2.0,515150.0
GA,60,300,7.0,1.4195765E7
MIMIC,60,300,11.0,3.259082175E9
RHC,100,10,10.0,129969.0
SA,100,10,17.0,465525.0
GA,100,10,17.0,5236569.0
MIMIC,100,10,17.0,2.6054058E7
RHC,100,30,30.0,161477.0
SA,100,30,16.0,246153.0
GA,100,30,53.0,6188100.0
MIMIC,100,30,44.0,9.9141929E7
RHC,100,60,14.0,194953.0
SA,100,60,25.0,291839.0
GA,100,60,18.0,7778841.0
MIMIC,100,60,21.0,2.84239447E8
RHC,100,100,9.0,267027.0
SA,100,100,7.0,343827.0
GA,100,100,13.0,1.0308905E7
MIMIC,100,100,23.0,6.43965284E8
RHC,100,200,7.0,512787.0
SA,100,200,3.0,582892.0
GA,100,200,10.0,3.1283932E7
MIMIC,100,200,41.0,2.828334187E9
RHC,100,300,2.0,760122.0
SA,100,300,1.0,815260.0
GA,100,300,14.0,2.689295E7
MIMIC,100,300,17.0,5.6197174E9
RHC,200,10,10.0,260332.0
SA,200,10,17.0,541538.0
GA,200,10,17.0,8755578.0
MIMIC,200,10,17.0,4.2943333E7
RHC,200,30,30.0,294203.0
SA,200,30,30.0,639605.0
GA,200,30,52.0,1.0145065E7
MIMIC,200,30,23.0,3.51670122E8
RHC,200,60,33.0,535236.0
SA,200,60,25.0,920417.0
GA,200,60,20.0,3.2882157E7
MIMIC,200,60,28.0,9.9228181E8
RHC,200,100,29.0,633697.0
SA,200,100,13.0,797143.0
GA,200,100,13.0,2.520414E7
MIMIC,200,100,30.0,1.955528153E9
RHC,200,200,7.0,1092134.0
SA,200,200,7.0,1304023.0
GA,200,200,14.0,4.2019765E7
MIMIC,200,200,46.0,5.521932269E9
RHC,200,300,12.0,1432810.0
SA,200,300,13.0,1599406.0
GA,200,300,13.0,7.8211012E7
MIMIC,200,300,24.0,1.4184387809E10
RHC,400,10,10.0,530904.0
SA,400,10,10.0,1841228.0
GA,400,10,17.0,3.841096E7
MIMIC,400,10,17.0,2.24699073E8
RHC,400,30,30.0,1059838.0
SA,400,30,30.0,2974321.0
GA,400,30,51.0,5.2327489E7
MIMIC,400,30,50.0,5.78228933E8
RHC,400,60,59.0,737673.0
SA,400,60,60.0,1527727.0
GA,400,60,29.0,3.2271303E7
MIMIC,400,60,28.0,1.931442534E9
RHC,400,100,42.0,1543875.0
SA,400,100,49.0,5873024.0
GA,400,100,17.0,8.0632374E7
MIMIC,400,100,43.0,2.680121871E9
RHC,400,200,25.0,1848317.0
SA,400,200,12.0,2096046.0
GA,400,200,16.0,6.7341665E7
MIMIC,400,200,52.0,1.0291883987E10
RHC,400,300,6.0,2856561.0
SA,400,300,19.0,3196056.0
GA,400,300,16.0,9.4429568E7
MIMIC,400,300,47.0,2.621675324E10
RHC,1000,10,17.0,866067.0
SA,1000,10,17.0,3333901.0
GA,1000,10,17.0,5.3997788E7
MIMIC,1000,10,17.0,2.58108588E8
RHC,1000,30,30.0,3298850.0
SA,1000,30,53.0,3681274.0
GA,1000,30,53.0,6.1281172E7
MIMIC,1000,30,30.0,1.661912033E9
RHC,1000,60,60.0,3936879.0
SA,1000,60,60.0,8324711.0
GA,1000,60,81.0,1.65173665E8
MIMIC,1000,60,60.0,3.783660691E9
RHC,1000,100,100.0,2814814.0
SA,1000,100,100.0,7716614.0
GA,1000,100,28.0,1.04438362E8
MIMIC,1000,100,53.0,9.199715486E9
RHC,1000,200,51.0,6379509.0
SA,1000,200,45.0,8050595.0
GA,1000,200,38.0,2.33213618E8
MIMIC,1000,200,72.0,2.5089179214E10
RHC,1000,300,32.0,1.3236751E7
SA,1000,300,30.0,1.113283E7
GA,1000,300,15.0,2.83543522E8
MIMIC,1000,300,101.0,5.6829378272E10
RHC,10,10,10.0,24024.0
SA,10,10,3.0,36233.0
GA,10,10,17.0,1107100.0
MIMIC,10,10,17.0,5444125.0
RHC,10,30,14.0,24419.0
SA,10,30,1.0,38203.0
GA,10,30,44.0,1382397.0
MIMIC,10,30,38.0,2.4780362E7
RHC,10,60,3.0,33477.0
SA,10,60,2.0,48443.0
GA,10,60,7.0,1808538.0
MIMIC,10,60,19.0,6.610696E7
RHC,10,100,3.0,44504.0
SA,10,100,0.0,55532.0
GA,10,100,15.0,2191750.0
MIMIC,10,100,11.0,1.79626611E8
RHC,10,200,1.0,101218.0
SA,10,200,3.0,120123.0
GA,10,200,6.0,4795856.0
MIMIC,10,200,24.0,5.81265086E8
RHC,10,300,1.0,84283.0
SA,10,300,4.0,89796.0
GA,10,300,9.0,3513496.0
MIMIC,10,300,24.0,8.60399903E8
RHC,30,10,10.0,31114.0
SA,30,10,1.0,54350.0
GA,30,10,17.0,1630914.0
MIMIC,30,10,17.0,8008847.0
RHC,30,30,10.0,35053.0
SA,30,30,3.0,58289.0
GA,30,30,42.0,1936144.0
MIMIC,30,30,20.0,3.539883E7
RHC,30,60,9.0,58683.0
SA,30,60,2.0,77193.0
GA,30,60,11.0,2506432.0
MIMIC,30,60,14.0,9.5227499E7
RHC,30,100,4.0,85070.0
SA,30,100,1.0,107126.0
GA,30,100,9.0,3389434.0
MIMIC,30,100,9.0,2.41836076E8
RHC,30,200,0.0,150842.0
SA,30,200,2.0,166990.0
GA,30,200,14.0,9076563.0
MIMIC,30,200,19.0,9.54278481E8
RHC,30,300,4.0,352886.0
SA,30,300,0.0,406449.0
GA,30,300,9.0,1.3610905E7
MIMIC,30,300,23.0,2.228956936E9
RHC,60,10,10.0,55533.0
SA,60,10,17.0,108701.0
GA,60,10,17.0,5954550.0
MIMIC,60,10,17.0,1.5673867E7
RHC,60,30,30.0,76012.0
SA,60,30,8.0,118547.0
GA,60,30,45.0,3744682.0
MIMIC,60,30,10.0,6.2148419E7
RHC,60,60,1.0,96886.0
SA,60,60,5.0,142966.0
GA,60,60,12.0,4743081.0
MIMIC,60,60,18.0,2.96375795E8
RHC,60,100,9.0,255606.0
SA,60,100,6.0,330436.0
GA,60,100,13.0,1.2030009E7
MIMIC,60,100,17.0,7.12583796E8
RHC,60,200,4.0,327679.0
SA,60,200,2.0,395027.0
GA,60,200,10.0,1.332773E7
MIMIC,60,200,18.0,2.053643327E9
RHC,60,300,8.0,703015.0
SA,60,300,6.0,860946.0
GA,60,300,12.0,2.6922488E7
MIMIC,60,300,24.0,4.008101795E9
RHC,100,10,17.0,93342.0
SA,100,10,10.0,225673.0
GA,100,10,17.0,5255080.0
MIMIC,100,10,17.0,2.5202959E7
RHC,100,30,30.0,116578.0
SA,100,30,20.0,215434.0
GA,100,30,43.0,6111693.0
MIMIC,100,30,52.0,9.8148651E7
RHC,100,60,15.0,166991.0
SA,100,60,10.0,234338.0
GA,100,60,11.0,7663838.0
MIMIC,100,60,16.0,2.87464253E8
RHC,100,100,17.0,277267.0
SA,100,100,5.0,307594.0
GA,100,100,16.0,1.3868087E7
MIMIC,100,100,27.0,6.52470769E8
RHC,100,200,4.0,443076.0
SA,100,200,6.0,534842.0
GA,100,200,11.0,2.0406315E7
MIMIC,100,200,20.0,2.363994727E9
RHC,100,300,7.0,708134.0
SA,100,300,6.0,784934.0
GA,100,300,8.0,2.622932E7
MIMIC,100,300,33.0,5.210836106E9
RHC,200,10,10.0,175261.0
SA,200,10,10.0,584861.0
GA,200,10,17.0,1.4036652E7
MIMIC,200,10,17.0,5.0938396E7
RHC,200,30,30.0,242608.0
SA,200,30,53.0,630153.0
GA,200,30,53.0,1.2323425E7
MIMIC,200,30,48.0,3.0408847E8
RHC,200,60,30.0,608097.0
SA,200,60,36.0,1066139.0
GA,200,60,24.0,2.9862938E7
MIMIC,200,60,24.0,8.85267699E8
RHC,200,100,32.0,672294.0
SA,200,100,18.0,895605.0
GA,200,100,13.0,2.6766525E7
MIMIC,200,100,26.0,2.208545895E9
RHC,200,200,15.0,996823.0
SA,200,200,12.0,1157905.0
GA,200,200,13.0,4.2363593E7
MIMIC,200,200,33.0,5.743243089E9
RHC,200,300,6.0,1421388.0
SA,200,300,11.0,1578139.0
GA,200,300,12.0,7.3371439E7
MIMIC,200,300,36.0,1.2828600427E10
RHC,400,10,17.0,352886.0
SA,400,10,10.0,1267789.0
GA,400,10,17.0,2.0420099E7
MIMIC,400,10,17.0,1.04022068E8
RHC,400,30,30.0,480885.0
SA,400,30,53.0,1349708.0
GA,400,30,51.0,2.3994247E7
MIMIC,400,30,53.0,7.3262856E8
RHC,400,60,60.0,1063777.0
SA,400,60,55.0,2071233.0
GA,400,60,27.0,4.5628965E7
MIMIC,400,60,19.0,1.408623325E9
RHC,400,100,45.0,2446962.0
SA,400,100,54.0,3286640.0
GA,400,100,17.0,6.2825439E7
MIMIC,400,100,44.0,2.784177416E9
RHC,400,200,14.0,2973927.0
SA,400,200,13.0,3830147.0
GA,400,200,34.0,1.22052313E8
MIMIC,400,200,51.0,1.0680359754E10
RHC,400,300,21.0,2845533.0
SA,400,300,22.0,3178333.0
GA,400,300,10.0,1.49060265E8
MIMIC,400,300,48.0,2.4501731936E10
RHC,1000,10,10.0,840072.0
SA,1000,10,10.0,3350050.0
GA,1000,10,17.0,5.0685153E7
MIMIC,1000,10,17.0,4.63934193E8
RHC,1000,30,30.0,2539910.0
SA,1000,30,30.0,7882816.0
GA,1000,30,49.0,1.31276174E8
MIMIC,1000,30,53.0,1.51694264E9
RHC,1000,60,60.0,5267289.0
SA,1000,60,60.0,1.1255315E7
GA,1000,60,26.0,1.00204918E8
MIMIC,1000,60,43.0,3.147921264E9
RHC,1000,100,100.0,2774642.0
SA,1000,100,71.0,3682455.0
GA,1000,100,30.0,1.27807576E8
MIMIC,1000,100,56.0,8.032339831E9
RHC,1000,200,54.0,5973454.0
SA,1000,200,57.0,1.270703E7
GA,1000,200,13.0,3.03711954E8
MIMIC,1000,200,70.0,2.5718328425E10
RHC,1000,300,38.0,1.216313E7
SA,1000,300,33.0,9399909.0
GA,1000,300,16.0,2.56580074E8
MIMIC,1000,300,72.0,5.2862816932E10
RHC,10,10,10.0,23237.0
SA,10,10,0.0,35840.0
GA,10,10,17.0,1126004.0
MIMIC,10,10,17.0,5497295.0
RHC,10,30,5.0,24813.0
SA,10,30,0.0,37809.0
GA,10,30,39.0,1369400.0
MIMIC,10,30,45.0,2.2047468E7
RHC,10,60,13.0,31508.0
SA,10,60,1.0,39778.0
GA,10,60,9.0,1593499.0
MIMIC,10,60,15.0,6.5069571E7
RHC,10,100,5.0,44111.0
SA,10,100,2.0,54744.0
GA,10,100,10.0,2203959.0
MIMIC,10,100,23.0,1.37500507E8
RHC,10,200,2.0,67741.0
SA,10,200,1.0,3397705.0
GA,10,200,10.0,4817518.0
MIMIC,10,200,20.0,6.21768547E8
RHC,10,300,0.0,88221.0
SA,10,300,1.0,96886.0
GA,10,300,12.0,3792338.0
MIMIC,10,300,15.0,8.75283716E8
RHC,30,10,17.0,33083.0
SA,30,10,3.0,53170.0
GA,30,10,17.0,1651394.0
MIMIC,30,10,17.0,7873759.0
RHC,30,30,13.0,35446.0
SA,30,30,1.0,59864.0
GA,30,30,43.0,1959775.0
MIMIC,30,30,49.0,3.0954677E7
RHC,30,60,9.0,53169.0
SA,30,60,1.0,77588.0
GA,30,60,10.0,2495011.0
MIMIC,30,60,11.0,1.00534566E8
RHC,30,100,4.0,82314.0
SA,30,100,1.0,101612.0
GA,30,100,19.0,3387859.0
MIMIC,30,100,16.0,2.26624189E8
RHC,30,200,10.0,146511.0
SA,30,200,2.0,171717.0
GA,30,200,10.0,5803313.0
MIMIC,30,200,21.0,8.25097959E8
RHC,30,300,4.0,207951.0
SA,30,300,2.0,244578.0
GA,30,300,11.0,7595310.0
MIMIC,30,300,16.0,2.115501875E9
RHC,60,10,10.0,57107.0
SA,60,10,10.0,106338.0
GA,60,10,17.0,6394869.0
MIMIC,60,10,17.0,1.5302865E7
RHC,60,30,30.0,72074.0
SA,60,30,6.0,119729.0
GA,60,30,43.0,3778553.0
MIMIC,60,30,40.0,6.0294982E7
RHC,60,60,9.0,106732.0
SA,60,60,4.0,142965.0
GA,60,60,15.0,4725357.0
MIMIC,60,60,24.0,1.75347874E8
RHC,60,100,14.0,161082.0
SA,60,100,3.0,186289.0
GA,60,100,13.0,6373207.0
MIMIC,60,100,32.0,6.75667479E8
RHC,60,200,5.0,450165.0
SA,60,200,2.0,570682.0
GA,60,200,17.0,2.0743052E7
MIMIC,60,200,16.0,2.010657458E9
RHC,60,300,6.0,450560.0
SA,60,300,0.0,471433.0
GA,60,300,10.0,1.4128812E7
MIMIC,60,300,19.0,4.376613929E9
RHC,100,10,17.0,95704.0
SA,100,10,17.0,228037.0
GA,100,10,17.0,5293283.0
MIMIC,100,10,17.0,2.8469513E7
RHC,100,30,30.0,117366.0
SA,100,30,30.0,230006.0
GA,100,30,44.0,6147534.0
MIMIC,100,30,48.0,9.7934792E7
RHC,100,60,16.0,154387.0
SA,100,60,6.0,248911.0
GA,100,60,27.0,7809168.0
MIMIC,100,60,33.0,4.20836472E8
RHC,100,100,6.0,415113.0
SA,100,100,3.0,567925.0
GA,100,100,11.0,1.9241714E7
MIMIC,100,100,19.0,9.96601507E8
RHC,100,200,4.0,446227.0
SA,100,200,4.0,526571.0
GA,100,200,19.0,1.7383157E7
MIMIC,100,200,26.0,3.357538419E9
RHC,100,300,6.0,1298115.0
SA,100,300,2.0,1343013.0
GA,100,300,13.0,4.3295431E7
MIMIC,100,300,18.0,6.745339134E9
RHC,200,10,10.0,326104.0
SA,200,10,17.0,1068503.0
GA,200,10,17.0,1.8942784E7
MIMIC,200,10,17.0,8.6612917E7
RHC,200,30,30.0,378880.0
SA,200,30,30.0,996035.0
GA,200,30,53.0,1.9847448E7
MIMIC,200,30,53.0,2.47934379E8
RHC,200,60,43.0,381242.0
SA,200,60,25.0,628971.0
GA,200,60,9.0,3.306372E7
MIMIC,200,60,32.0,1.126339321E9
RHC,200,100,20.0,887728.0
SA,200,100,24.0,1319382.0
GA,200,100,25.0,4.1331323E7
MIMIC,200,100,18.0,1.985189836E9
RHC,200,200,16.0,1012183.0
SA,200,200,3.0,1166176.0
GA,200,200,10.0,5.0888771E7
MIMIC,200,200,24.0,6.62076818E9
RHC,200,300,10.0,1439899.0
SA,200,300,4.0,1566323.0
GA,200,300,16.0,8.021608E7
MIMIC,200,300,42.0,1.5285742361E10
RHC,400,10,10.0,398178.0
SA,400,10,17.0,1441868.0
GA,400,10,17.0,2.3164415E7
MIMIC,400,10,17.0,1.07737212E8
RHC,400,30,30.0,473402.0
SA,400,30,30.0,1370582.0
GA,400,30,53.0,2.6137554E7
MIMIC,400,30,49.0,7.26285285E8
RHC,400,60,60.0,1180749.0
SA,400,60,60.0,2327626.0
GA,400,60,25.0,6.4249191E7
MIMIC,400,60,41.0,1.922990216E9
RHC,400,100,39.0,1761277.0
SA,400,100,58.0,2983773.0
GA,400,100,23.0,7.4530133E7
MIMIC,400,100,50.0,4.14909768E9
RHC,400,200,29.0,1846348.0
SA,400,200,19.0,2267762.0
GA,400,200,14.0,7.26956E7
MIMIC,400,200,60.0,1.1996419945E10
RHC,400,300,17.0,3724202.0
SA,400,300,15.0,4174368.0
GA,400,300,13.0,1.53973487E8
MIMIC,400,300,46.0,2.438004393E10
RHC,1000,10,10.0,1228798.0
SA,1000,10,17.0,4856902.0
GA,1000,10,17.0,7.068305E7
MIMIC,1000,10,17.0,2.90594931E8
RHC,1000,30,30.0,1172084.0
SA,1000,30,30.0,3624166.0
GA,1000,30,53.0,6.2960135E7
MIMIC,1000,30,53.0,9.77219979E8
RHC,1000,60,60.0,1813264.0
SA,1000,60,60.0,4004226.0
GA,1000,60,84.0,7.8946321E7
MIMIC,1000,60,48.0,3.229138892E9
RHC,1000,100,100.0,4197605.0
SA,1000,100,100.0,6822978.0
GA,1000,100,19.0,1.84544559E8
MIMIC,1000,100,62.0,8.100840978E9
RHC,1000,200,44.0,4545371.0
SA,1000,200,56.0,9340833.0
GA,1000,200,11.0,1.72817023E8
MIMIC,1000,200,73.0,2.691496916E10
RHC,1000,300,24.0,7088037.0
SA,1000,300,29.0,7977340.0
GA,1000,300,26.0,4.18645117E8
MIMIC,1000,300,67.0,5.4566391513E10
RHC,10,10,10.0,19299.0
SA,10,10,2.0,27176.0
GA,10,10,17.0,820380.0
MIMIC,10,10,17.0,4047550.0
RHC,10,30,3.0,18117.0
SA,10,30,0.0,30326.0
GA,10,30,48.0,1017696.0
MIMIC,10,30,13.0,1.7174813E7
RHC,10,60,3.0,24025.0
SA,10,60,0.0,33477.0
GA,10,60,13.0,1224071.0
MIMIC,10,60,11.0,5.0787159E7
RHC,10,100,4.0,36627.0
SA,10,100,1.0,42929.0
GA,10,100,10.0,1658090.0
MIMIC,10,100,16.0,1.18953537E8
RHC,10,200,2.0,57501.0
SA,10,200,5.0,65378.0
GA,10,200,8.0,2515491.0
MIMIC,10,200,17.0,3.86347426E8
RHC,10,300,2.0,82707.0
SA,10,300,4.0,87434.0
GA,10,300,14.0,3292155.0
MIMIC,10,300,22.0,8.49432882E8
RHC,30,10,10.0,33083.0
SA,30,10,6.0,53957.0
GA,30,10,17.0,1670692.0
MIMIC,30,10,17.0,7987974.0
RHC,30,30,15.0,36627.0
SA,30,30,2.0,58683.0
GA,30,30,44.0,1940871.0
MIMIC,30,30,42.0,6.7415709E7
RHC,30,60,6.0,102794.0
SA,30,60,3.0,156750.0
GA,30,60,12.0,5235387.0
MIMIC,30,60,11.0,2.03395972E8
RHC,30,100,0.0,139027.0
SA,30,100,1.0,174473.0
GA,30,100,16.0,6400776.0
MIMIC,30,100,19.0,3.41750336E8
RHC,30,200,6.0,159113.0
SA,30,200,1.0,201255.0
GA,30,200,9.0,6774930.0
MIMIC,30,200,14.0,8.74313675E8
RHC,30,300,7.0,219766.0
SA,30,300,0.0,244579.0
GA,30,300,10.0,7615396.0
MIMIC,30,300,21.0,2.093494578E9
RHC,60,10,10.0,57108.0
SA,60,10,17.0,110276.0
GA,60,10,17.0,3182665.0
MIMIC,60,10,17.0,1.8838416E7
RHC,60,30,30.0,71286.0
SA,60,30,16.0,120517.0
GA,60,30,43.0,3812030.0
MIMIC,60,30,49.0,5.8807035E7
RHC,60,60,3.0,96098.0
SA,60,60,5.0,144147.0
GA,60,60,75.0,4673371.0
MIMIC,60,60,21.0,1.75923282E8
RHC,60,100,5.0,161476.0
SA,60,100,12.0,186289.0
GA,60,100,22.0,6368875.0
MIMIC,60,100,10.0,4.24919469E8
RHC,60,200,1.0,280418.0
SA,60,200,0.0,320196.0
GA,60,200,9.0,1.3865723E7
MIMIC,60,200,19.0,1.92555415E9
RHC,60,300,1.0,777057.0
SA,60,300,3.0,874731.0
GA,60,300,9.0,2.8382473E7
MIMIC,60,300,20.0,5.373092163E9
RHC,100,10,10.0,146904.0
SA,100,10,10.0,401723.0
GA,100,10,17.0,7535839.0
MIMIC,100,10,17.0,4.5109484E7
RHC,100,30,30.0,258757.0
SA,100,30,24.0,497033.0
GA,100,30,47.0,1.3398622E7
MIMIC,100,30,49.0,2.06174946E8
RHC,100,60,22.0,281206.0
SA,100,60,11.0,467101.0
GA,100,60,13.0,1.9122773E7
MIMIC,100,60,16.0,5.97036234E8
RHC,100,100,13.0,411175.0
SA,100,100,8.0,522239.0
GA,100,100,16.0,2.2826889E7
MIMIC,100,100,16.0,1.288859648E9
RHC,100,200,10.0,604159.0
SA,100,200,5.0,764848.0
GA,100,200,17.0,2.6670821E7
MIMIC,100,200,20.0,4.04748122E9
RHC,100,300,4.0,786903.0
SA,100,300,4.0,870005.0
GA,100,300,11.0,2.8684552E7
MIMIC,100,300,29.0,8.204665336E9
RHC,200,10,10.0,175261.0
SA,200,10,10.0,578559.0
GA,200,10,17.0,1.032584E7
MIMIC,200,10,17.0,5.3403081E7
RHC,200,30,30.0,240639.0
SA,200,30,30.0,581710.0
GA,200,30,44.0,1.2085936E7
MIMIC,200,30,52.0,1.89802396E8
RHC,200,60,27.0,304049.0
SA,200,60,38.0,547445.0
GA,200,60,18.0,1.5172108E7
MIMIC,200,60,90.0,9.46244821E8
RHC,200,100,17.0,858189.0
SA,200,100,18.0,1288268.0
GA,200,100,16.0,4.0712987E7
MIMIC,200,100,51.0,2.028902349E9
RHC,200,200,12.0,1464711.0
SA,200,200,10.0,1921965.0
GA,200,200,8.0,5.7160367E7
MIMIC,200,200,23.0,7.578999294E9
RHC,200,300,16.0,2239799.0
SA,200,300,4.0,2658063.0
GA,200,300,16.0,8.8178059E7
MIMIC,200,300,39.0,1.0809938454E10
RHC,400,10,10.0,427322.0
SA,400,10,10.0,1569474.0
GA,400,10,17.0,2.8309611E7
MIMIC,400,10,17.0,1.68107419E8
RHC,400,30,30.0,1032269.0
SA,400,30,30.0,2958173.0
GA,400,30,53.0,5.6267519E7
MIMIC,400,30,29.0,8.11631989E8
RHC,400,60,57.0,1177598.0
SA,400,60,57.0,2307934.0
GA,400,60,16.0,6.128826E7
MIMIC,400,60,41.0,2.042777524E9
RHC,400,100,54.0,1996009.0
SA,400,100,42.0,3017644.0
GA,400,100,21.0,8.5752365E7
MIMIC,400,100,40.0,4.147187923E9
RHC,400,200,37.0,3024339.0
SA,400,200,45.0,3886467.0
GA,400,200,11.0,1.31104457E8
MIMIC,400,200,40.0,1.2105649437E10
RHC,400,300,15.0,6817858.0
SA,400,300,14.0,5396864.0
GA,400,300,17.0,1.74392011E8
MIMIC,400,300,38.0,2.4194703803E10
RHC,1000,10,10.0,1683689.0
SA,1000,10,17.0,6697736.0
GA,1000,10,17.0,9.3529631E7
MIMIC,1000,10,17.0,4.32597092E8
RHC,1000,30,30.0,2076353.0
SA,1000,30,53.0,6279472.0
GA,1000,30,53.0,9.4704472E7
MIMIC,1000,30,53.0,1.531382984E9
RHC,1000,60,60.0,6577219.0
SA,1000,60,60.0,8754002.0
GA,1000,60,79.0,1.6421465E8
MIMIC,1000,60,51.0,3.66308648E9
RHC,1000,100,96.0,2779761.0
SA,1000,100,90.0,4199968.0
GA,1000,100,34.0,1.17672751E8
MIMIC,1000,100,51.0,7.069533022E9
RHC,1000,200,71.0,4687549.0
SA,1000,200,51.0,8534237.0
GA,1000,200,28.0,3.29727415E8
MIMIC,1000,200,80.0,2.5298797945E10
RHC,1000,300,17.0,8745338.0
SA,1000,300,25.0,1.489878E7
GA,1000,300,14.0,3.7988324E8
MIMIC,1000,300,77.0,5.4220412458E10
RHC,10,10,17.0,14966.0
SA,10,10,3.0,20480.0
GA,10,10,17.0,593131.0
MIMIC,10,10,17.0,2925090.0
RHC,10,30,11.0,13390.0
SA,10,30,3.0,21268.0
GA,10,30,45.0,736098.0
MIMIC,10,30,43.0,1.2703879E7
RHC,10,60,2.0,19692.0
SA,10,60,2.0,28357.0
GA,10,60,10.0,996429.0
MIMIC,10,60,17.0,4.059562E7
RHC,10,100,2.0,30326.0
SA,10,100,2.0,37021.0
GA,10,100,11.0,1397363.0
MIMIC,10,100,7.0,1.40806052E8
RHC,10,200,2.0,101219.0
SA,10,200,0.0,107126.0
GA,10,200,12.0,4797826.0
MIMIC,10,200,21.0,6.07387675E8
RHC,10,300,1.0,87040.0
SA,10,300,1.0,91372.0
GA,10,300,12.0,3639526.0
MIMIC,10,300,19.0,8.57728449E8
RHC,30,10,10.0,31508.0
SA,30,10,3.0,54350.0
GA,30,10,17.0,1658090.0
MIMIC,30,10,17.0,8002152.0
RHC,30,30,9.0,37809.0
SA,30,30,2.0,58683.0
GA,30,30,50.0,1971984.0
MIMIC,30,30,41.0,3.1686048E7
RHC,30,60,9.0,54351.0
SA,30,60,1.0,77194.0
GA,30,60,16.0,2485953.0
MIMIC,30,60,26.0,9.4185777E7
RHC,30,100,3.0,83889.0
SA,30,100,0.0,100037.0
GA,30,100,14.0,3349262.0
MIMIC,30,100,24.0,2.27470563E8
RHC,30,200,7.0,154782.0
SA,30,200,0.0,170928.0
GA,30,200,12.0,1.0831143E7
MIMIC,30,200,8.0,1.109001456E9
RHC,30,300,9.0,226067.0
SA,30,300,2.0,236701.0
GA,30,300,10.0,7659901.0
MIMIC,30,300,27.0,2.049586324E9
RHC,60,10,10.0,58683.0
SA,60,10,17.0,108308.0
GA,60,10,17.0,3178727.0
MIMIC,60,10,17.0,1.5309167E7
RHC,60,30,10.0,65772.0
SA,60,30,7.0,116972.0
GA,60,30,40.0,7265267.0
MIMIC,60,30,50.0,5.9176068E7
RHC,60,60,11.0,112246.0
SA,60,60,1.0,141784.0
GA,60,60,18.0,4748989.0
MIMIC,60,60,13.0,1.82111382E8
RHC,60,100,20.0,159902.0
SA,60,100,2.0,194166.0
GA,60,100,20.0,6387386.0
MIMIC,60,100,30.0,4.10199495E8
RHC,60,200,6.0,260726.0
SA,60,200,6.0,317440.0
GA,60,200,13.0,1.0705901E7
MIMIC,60,200,19.0,1.726371537E9
RHC,60,300,11.0,475371.0
SA,60,300,3.0,556503.0
GA,60,300,9.0,2.5991043E7
MIMIC,60,300,25.0,3.310713344E9
RHC,100,10,10.0,75618.0
SA,100,10,17.0,187077.0
GA,100,10,17.0,4324029.0
MIMIC,100,10,17.0,2.1372811E7
RHC,100,30,30.0,129575.0
SA,100,30,53.0,205981.0
GA,100,30,43.0,5135351.0
MIMIC,100,30,47.0,8.4118301E7
RHC,100,60,21.0,165415.0
SA,100,60,9.0,208738.0
GA,100,60,15.0,6525625.0
MIMIC,100,60,20.0,2.33441654E8
RHC,100,100,23.0,217797.0
SA,100,100,11.0,274511.0
GA,100,100,10.0,8796144.0
MIMIC,100,100,23.0,1.180321748E9
RHC,100,200,5.0,538386.0
SA,100,200,5.0,634091.0
GA,100,200,10.0,2.1443309E7
MIMIC,100,200,27.0,2.81469335E9
RHC,100,300,2.0,701439.0
SA,100,300,6.0,798325.0
GA,100,300,10.0,2.279223E7
MIMIC,100,300,44.0,6.206943731E9
RHC,200,10,17.0,334375.0
SA,200,10,10.0,1080318.0
GA,200,10,17.0,1.9004225E7
MIMIC,200,10,17.0,9.3090493E7
RHC,200,30,30.0,382424.0
SA,200,30,30.0,933020.0
GA,200,30,47.0,1.9547732E7
MIMIC,200,30,16.0,2.63163595E8
RHC,200,60,60.0,391877.0
SA,200,60,28.0,615975.0
GA,200,60,11.0,1.7617101E7
MIMIC,200,60,17.0,9.88160217E8
RHC,200,100,33.0,598251.0
SA,200,100,24.0,805414.0
GA,200,100,16.0,2.6725171E7
MIMIC,200,100,36.0,1.308881176E9
RHC,200,200,21.0,911752.0
SA,200,200,10.0,1025574.0
GA,200,200,15.0,3.4132223E7
MIMIC,200,200,33.0,6.283583301E9
RHC,200,300,12.0,1925510.0
SA,200,300,7.0,2167331.0
GA,200,300,17.0,6.9262055E7
MIMIC,200,300,39.0,1.3786732686E10
RHC,400,10,10.0,405267.0
SA,400,10,17.0,1488736.0
GA,400,10,17.0,2.4007637E7
MIMIC,400,10,17.0,1.13049006E8
RHC,400,30,30.0,479704.0
SA,400,30,53.0,1357191.0
GA,400,30,44.0,2.4360523E7
MIMIC,400,30,48.0,6.6246578E8
RHC,400,60,60.0,1458803.0
SA,400,60,52.0,2674605.0
GA,400,60,76.0,6.1896358E7
MIMIC,400,60,26.0,1.60846681E9
RHC,400,100,13.0,1565929.0
SA,400,100,37.0,2431996.0
GA,400,100,21.0,6.7943461E7
MIMIC,400,100,43.0,2.875749635E9
RHC,400,200,29.0,1796723.0
SA,400,200,20.0,2083836.0
GA,400,200,16.0,7.1923269E7
MIMIC,400,200,51.0,1.1418371394E10
RHC,400,300,16.0,3139342.0
SA,400,300,12.0,3473323.0
GA,400,300,17.0,1.4385796E8
MIMIC,400,300,38.0,2.2182226779E10
RHC,1000,10,17.0,729402.0
SA,1000,10,17.0,2836081.0
GA,1000,10,17.0,4.2143433E7
MIMIC,1000,10,17.0,4.23033343E8
RHC,1000,30,30.0,1810901.0
SA,1000,30,30.0,5614661.0
GA,1000,30,53.0,9.5278305E7
MIMIC,1000,30,53.0,1.479954251E9
RHC,1000,60,60.0,1808538.0
SA,1000,60,60.0,9641731.0
GA,1000,60,79.0,1.58772888E8
MIMIC,1000,60,53.0,3.086979981E9
RHC,1000,100,95.0,3277188.0
SA,1000,100,100.0,5250353.0
GA,1000,100,28.0,1.22077125E8
MIMIC,1000,100,79.0,8.017934934E9
RHC,1000,200,43.0,5043191.0
SA,1000,200,42.0,6215669.0
GA,1000,200,19.0,1.84144413E8
MIMIC,1000,200,70.0,2.5141019123E10
RHC,1000,300,32.0,1.0161607E7
SA,1000,300,35.0,1.1649161E7
GA,1000,300,14.0,3.72244214E8
MIMIC,1000,300,77.0,5.5466296084E10
RHC,10,10,10.0,26782.0
SA,10,10,0.0,43323.0
GA,10,10,17.0,1260305.0
MIMIC,10,10,17.0,6284986.0
RHC,10,30,4.0,26781.0
SA,10,30,3.0,44111.0
GA,10,30,38.0,1563961.0
MIMIC,10,30,51.0,2.7664493E7
RHC,10,60,7.0,40173.0
SA,10,60,2.0,55138.0
GA,10,60,11.0,2096439.0
MIMIC,10,60,18.0,8.6436868E7
RHC,10,100,4.0,53956.0
SA,10,100,3.0,67742.0
GA,10,100,14.0,2849472.0
MIMIC,10,100,15.0,1.77174529E8
RHC,10,200,3.0,78770.0
SA,10,200,3.0,89403.0
GA,10,200,15.0,3682455.0
MIMIC,10,200,17.0,4.51814781E8
RHC,10,300,1.0,84283.0
SA,10,300,2.0,83889.0
GA,10,300,13.0,3282702.0
MIMIC,10,300,31.0,8.38704926E8
RHC,30,10,10.0,32295.0
SA,30,10,5.0,52775.0
GA,30,10,17.0,1612403.0
MIMIC,30,10,17.0,8013967.0
RHC,30,30,26.0,38597.0
SA,30,30,1.0,60652.0
GA,30,30,40.0,5991177.0
MIMIC,30,30,13.0,3.2250822E7
RHC,30,60,8.0,57896.0
SA,30,60,2.0,80345.0
GA,30,60,15.0,2489103.0
MIMIC,30,60,12.0,9.5772187E7
RHC,30,100,5.0,80738.0
SA,30,100,2.0,100037.0
GA,30,100,11.0,3387071.0
MIMIC,30,100,24.0,2.24137843E8
RHC,30,200,4.0,154387.0
SA,30,200,0.0,160689.0
GA,30,200,9.0,5768655.0
MIMIC,30,200,15.0,8.1965344E8
RHC,30,300,4.0,224492.0
SA,30,300,3.0,239064.0
GA,30,300,11.0,1.7122038E7
MIMIC,30,300,21.0,2.827663468E9
RHC,60,10,10.0,94129.0
SA,60,10,17.0,170535.0
GA,60,10,17.0,4930157.0
MIMIC,60,10,17.0,2.2657929E7
RHC,60,30,28.0,103976.0
SA,60,30,2.0,166597.0
GA,60,30,45.0,5407105.0
MIMIC,60,30,48.0,8.5725189E7
RHC,60,60,8.0,119729.0
SA,60,60,7.0,185501.0
GA,60,60,18.0,6046709.0
MIMIC,60,60,18.0,2.09849129E8
RHC,60,100,3.0,168172.0
SA,60,100,9.0,200467.0
GA,60,100,18.0,6885600.0
MIMIC,60,100,18.0,4.72824467E8
RHC,60,200,4.0,476947.0
SA,60,200,4.0,556504.0
GA,60,200,12.0,2.0812763E7
MIMIC,60,200,24.0,1.925100046E9
RHC,60,300,2.0,430473.0
SA,60,300,1.0,484036.0
GA,60,300,10.0,1.4138264E7
MIMIC,60,300,21.0,3.669680241E9
RHC,100,10,10.0,118153.0
SA,100,10,17.0,300504.0
GA,100,10,17.0,6685921.0
MIMIC,100,10,17.0,3.7522838E7
RHC,100,30,27.0,150449.0
SA,100,30,7.0,254031.0
GA,100,30,46.0,7900540.0
MIMIC,100,30,13.0,1.19956267E8
RHC,100,60,30.0,186682.0
SA,100,60,14.0,255212.0
GA,100,60,41.0,8548022.0
MIMIC,100,60,17.0,2.89830477E8
RHC,100,100,19.0,260332.0
SA,100,100,12.0,323741.0
GA,100,100,19.0,1.0367588E7
MIMIC,100,100,19.0,9.14583979E8
RHC,100,200,9.0,743975.0
SA,100,200,4.0,940502.0
GA,100,200,12.0,3.3257492E7
MIMIC,100,200,15.0,3.547135621E9
RHC,100,300,3.0,1209105.0
SA,100,300,3.0,1335924.0
GA,100,300,11.0,4.3316698E7
MIMIC,100,300,45.0,6.572865938E9
RHC,200,10,17.0,181563.0
SA,200,10,10.0,564380.0
GA,200,10,17.0,1.0291969E7
MIMIC,200,10,17.0,1.09327167E8
RHC,200,30,30.0,498609.0
SA,200,30,53.0,1367826.0
GA,200,30,43.0,2.7918129E7
MIMIC,200,30,48.0,3.37231746E8
RHC,200,60,25.0,611248.0
SA,200,60,32.0,1079137.0
GA,200,60,79.0,3.2308718E7
MIMIC,200,60,42.0,7.90619153E8
RHC,200,100,10.0,3806910.0
SA,200,100,11.0,621882.0
GA,200,100,18.0,2.0059337E7
MIMIC,200,100,28.0,1.720344127E9
RHC,200,200,18.0,1127580.0
SA,200,200,13.0,1408785.0
GA,200,200,10.0,4.9364196E7
MIMIC,200,200,27.0,6.530367651E9
RHC,200,300,2.0,2144095.0
SA,200,300,8.0,2376069.0
GA,200,300,15.0,8.0537457E7
MIMIC,200,300,40.0,1.409902929E10
RHC,400,10,10.0,408418.0
SA,400,10,17.0,1517881.0
GA,400,10,17.0,2.4072228E7
MIMIC,400,10,17.0,1.24340555E8
RHC,400,30,30.0,1023211.0
SA,400,30,53.0,2899884.0
GA,400,30,53.0,5.2624843E7
MIMIC,400,30,53.0,7.34420951E8
RHC,400,60,60.0,1221315.0
SA,400,60,60.0,2670273.0
GA,400,60,14.0,6.7789468E7
MIMIC,400,60,41.0,1.703634446E9
RHC,400,100,64.0,1714409.0
SA,400,100,46.0,2450507.0
GA,400,100,18.0,6.5457509E7
MIMIC,400,100,38.0,4.073985444E9
RHC,400,200,35.0,2306359.0
SA,400,200,20.0,2810088.0
GA,400,200,18.0,9.0801464E7
MIMIC,400,200,39.0,1.159769435E10
RHC,400,300,14.0,2788032.0
SA,400,300,15.0,3120831.0
GA,400,300,19.0,1.24255878E8
MIMIC,400,300,43.0,2.2557017992E10
RHC,1000,10,10.0,890485.0
SA,1000,10,10.0,3474111.0
GA,1000,10,17.0,5.1836364E7
MIMIC,1000,10,17.0,4.32114631E8
RHC,1000,30,30.0,1530877.0
SA,1000,30,30.0,5629233.0
GA,1000,30,53.0,8.0477987E7
MIMIC,1000,30,53.0,1.462580941E9
RHC,1000,60,60.0,2256735.0
SA,1000,60,60.0,5995509.0
GA,1000,60,79.0,1.27707146E8
MIMIC,1000,60,60.0,3.411554323E9
RHC,1000,100,85.0,2683662.0
SA,1000,100,100.0,4570182.0
GA,1000,100,27.0,1.01358885E8
MIMIC,1000,100,100.0,7.614130702E9
RHC,1000,200,56.0,7501574.0
SA,1000,200,53.0,9604709.0
GA,1000,200,24.0,3.22741385E8
MIMIC,1000,200,80.0,2.8504393543E10
RHC,1000,300,26.0,1.1122984E7
SA,1000,300,33.0,7971038.0
GA,1000,300,20.0,2.59218051E8
MIMIC,1000,300,83.0,5.4143297125E10
RHC,10,10,10.0,14572.0
SA,10,10,3.0,19693.0
GA,10,10,17.0,582498.0
MIMIC,10,10,17.0,2909336.0
RHC,10,30,7.0,12997.0
SA,10,30,3.0,22449.0
GA,10,30,44.0,729796.0
MIMIC,10,30,41.0,1.6175233E7
RHC,10,60,1.0,21267.0
SA,10,60,1.0,28357.0
GA,10,60,13.0,986189.0
MIMIC,10,60,13.0,4.0405787E7
RHC,10,100,1.0,32689.0
SA,10,100,4.0,43717.0
GA,10,100,9.0,1413117.0
MIMIC,10,100,11.0,1.02186354E8
RHC,10,200,2.0,57502.0
SA,10,200,4.0,78769.0
GA,10,200,7.0,2416242.0
MIMIC,10,200,19.0,3.86577825E8
RHC,10,300,4.0,80738.0
SA,10,300,1.0,84283.0
GA,10,300,10.0,3289398.0
MIMIC,10,300,24.0,8.59405837E8
RHC,30,10,10.0,31901.0
SA,30,10,2.0,53169.0
GA,30,10,17.0,1652970.0
MIMIC,30,10,17.0,7990730.0
RHC,30,30,14.0,38597.0
SA,30,30,1.0,59077.0
GA,30,30,42.0,1956230.0
MIMIC,30,30,43.0,3.1771513E7
RHC,30,60,3.0,64590.0
SA,30,60,0.0,79951.0
GA,30,60,17.0,2641521.0
MIMIC,30,60,12.0,9.887372E7
RHC,30,100,5.0,82314.0
SA,30,100,1.0,108307.0
GA,30,100,10.0,3404794.0
MIMIC,30,100,24.0,2.32854037E8
RHC,30,200,0.0,144542.0
SA,30,200,0.0,170535.0
GA,30,200,13.0,5711940.0
MIMIC,30,200,26.0,8.30213224E8
RHC,30,300,1.0,231975.0
SA,30,300,1.0,239458.0
GA,30,300,9.0,7617759.0
MIMIC,30,300,17.0,2.129137199E9
RHC,60,10,10.0,58289.0
SA,60,10,10.0,107520.0
GA,60,10,17.0,3198813.0
MIMIC,60,10,17.0,3.4302364E7
RHC,60,30,27.0,153206.0
SA,60,30,3.0,251273.0
GA,60,30,52.0,8143937.0
MIMIC,60,30,45.0,1.29733481E8
RHC,60,60,7.0,182351.0
SA,60,60,12.0,298141.0
GA,60,60,15.0,9984376.0
MIMIC,60,60,28.0,3.28967687E8
RHC,60,100,3.0,252455.0
SA,60,100,1.0,385574.0
GA,60,100,14.0,1.2867324E7
MIMIC,60,100,21.0,6.18563433E8
RHC,60,200,5.0,281599.0
SA,60,200,0.0,346584.0
GA,60,200,12.0,1.1369136E7
MIMIC,60,200,23.0,2.199270047E9
RHC,60,300,5.0,554928.0
SA,60,300,3.0,619519.0
GA,60,300,8.0,1.99081E7
MIMIC,60,300,19.0,4.24470012E9
RHC,100,10,17.0,132726.0
SA,100,10,10.0,328073.0
GA,100,10,17.0,7494879.0
MIMIC,100,10,17.0,3.6885596E7
RHC,100,30,30.0,174474.0
SA,100,30,17.0,305624.0
GA,100,30,41.0,8750458.0
MIMIC,100,30,52.0,1.27943847E8
RHC,100,60,19.0,179987.0
SA,100,60,14.0,288689.0
GA,100,60,75.0,9072624.0
MIMIC,100,60,32.0,3.52846932E8
RHC,100,100,14.0,457254.0
SA,100,100,9.0,644725.0
GA,100,100,14.0,2.0888382E7
MIMIC,100,100,25.0,1.212576903E9
RHC,100,200,4.0,573833.0
SA,100,200,2.0,678202.0
GA,100,200,12.0,2.7080025E7
MIMIC,100,200,17.0,3.033992801E9
RHC,100,300,6.0,1053537.0
SA,100,300,2.0,1238250.0
GA,100,300,7.0,4.0252187E7
MIMIC,100,300,21.0,6.010089532E9
RHC,200,10,10.0,290658.0
SA,200,10,17.0,857401.0
GA,200,10,17.0,1.5244182E7
MIMIC,200,10,17.0,1.0323674E8
RHC,200,30,30.0,502153.0
SA,200,30,30.0,1274484.0
GA,200,30,49.0,2.6623952E7
MIMIC,200,30,17.0,3.62083789E8
RHC,200,60,25.0,465525.0
SA,200,60,37.0,844011.0
GA,200,60,22.0,2.1022289E7
MIMIC,200,60,30.0,5.92811454E8
RHC,200,100,25.0,530116.0
SA,200,100,13.0,643938.0
GA,200,100,22.0,3.3601713E7
MIMIC,200,100,32.0,1.565992154E9
RHC,200,200,5.0,930263.0
SA,200,200,15.0,1117339.0
GA,200,200,10.0,3.4914006E7
MIMIC,200,200,28.0,5.345806156E9
RHC,200,300,6.0,1402483.0
SA,200,300,5.0,1591923.0
GA,200,300,19.0,4.833232E7
MIMIC,200,300,26.0,1.1187205379E10
RHC,400,10,10.0,342645.0
SA,400,10,17.0,1273302.0
GA,400,10,17.0,2.0439792E7
MIMIC,400,10,17.0,1.03371829E8
RHC,400,30,53.0,503729.0
SA,400,30,53.0,1384367.0
GA,400,30,53.0,3.4338991E7
MIMIC,400,30,21.0,7.70758314E8
RHC,400,60,60.0,942866.0
SA,400,60,60.0,2021609.0
GA,400,60,31.0,4.3447849E7
MIMIC,400,60,94.0,1.37117453E9
RHC,400,100,47.0,1061413.0
SA,400,100,36.0,1396576.0
GA,400,100,20.0,4.2934668E7
MIMIC,400,100,38.0,2.943688371E9
RHC,400,200,17.0,6235361.0
SA,400,200,19.0,2531245.0
GA,400,200,21.0,7.9853347E7
MIMIC,400,200,54.0,1.0501315247E10
RHC,400,300,10.0,2773066.0
SA,400,300,7.0,3117286.0
GA,400,300,11.0,9.1211063E7
MIMIC,400,300,54.0,2.0964262858E10
RHC,1000,10,17.0,865278.0
SA,1000,10,17.0,3357139.0
GA,1000,10,17.0,5.4413294E7
MIMIC,1000,10,17.0,2.57301993E8
RHC,1000,30,30.0,1176811.0
SA,1000,30,53.0,3641495.0
GA,1000,30,53.0,6.3891973E7
MIMIC,1000,30,53.0,1.377135775E9
RHC,1000,60,60.0,2476106.0
SA,1000,60,60.0,5674919.0
GA,1000,60,101.0,1.2727746E8
MIMIC,1000,60,36.0,2.75762278E9
RHC,1000,100,89.0,4996717.0
SA,1000,100,100.0,9466863.0
GA,1000,100,33.0,1.86346402E8
MIMIC,1000,100,83.0,6.313851899E9
RHC,1000,200,75.0,4812792.0
SA,1000,200,36.0,5342908.0
GA,1000,200,34.0,1.76188734E8
MIMIC,1000,200,93.0,2.5520232038E10
RHC,1000,300,36.0,7312135.0
SA,1000,300,40.0,8030115.0
GA,1000,300,15.0,2.27479228E8
MIMIC,1000,300,91.0,5.1142294788E10
RHC,10,10,10.0,14572.0
SA,10,10,1.0,20874.0
GA,10,10,17.0,586829.0
MIMIC,10,10,17.0,2953841.0
RHC,10,30,8.0,13391.0
SA,10,30,1.0,20874.0
GA,10,30,44.0,728220.0
MIMIC,10,30,43.0,1.2900014E7
RHC,10,60,2.0,20874.0
SA,10,60,1.0,28357.0
GA,10,60,12.0,996429.0
MIMIC,10,60,21.0,3.9790601E7
RHC,10,100,2.0,33084.0
SA,10,100,1.0,34659.0
GA,10,100,16.0,1382397.0
MIMIC,10,100,16.0,9.9604697E7
RHC,10,200,0.0,59471.0
SA,10,200,1.0,64196.0
GA,10,200,15.0,2409940.0
MIMIC,10,200,20.0,3.86503389E8
RHC,10,300,1.0,83495.0
SA,10,300,1.0,87827.0
GA,10,300,8.0,3312240.0
MIMIC,10,300,20.0,1.081131771E9
RHC,30,10,10.0,39385.0
SA,30,10,1.0,67347.0
GA,30,10,17.0,2001128.0
MIMIC,30,10,17.0,9846530.0
RHC,30,30,30.0,45292.0
SA,30,30,1.0,72862.0
GA,30,30,50.0,2421362.0
MIMIC,30,30,47.0,3.9013543E7
RHC,30,60,10.0,66953.0
SA,30,60,0.0,96886.0
GA,30,60,74.0,3039699.0
MIMIC,30,60,18.0,1.92252902E8
RHC,30,100,6.0,136664.0
SA,30,100,0.0,200074.0
GA,30,100,18.0,6893871.0
MIMIC,30,100,15.0,3.75141341E8
RHC,30,200,4.0,179200.0
SA,30,200,4.0,194954.0
GA,30,200,13.0,7127815.0
MIMIC,30,200,23.0,1.164468681E9
RHC,30,300,3.0,359975.0
SA,30,300,1.0,402116.0
GA,30,300,11.0,1.4634903E7
MIMIC,30,300,19.0,2.022738274E9
RHC,60,10,10.0,56714.0
SA,60,10,17.0,108307.0
GA,60,10,17.0,3166123.0
MIMIC,60,10,17.0,1.5636452E7
RHC,60,30,30.0,75619.0
SA,60,30,8.0,117759.0
GA,60,30,49.0,3783279.0
MIMIC,60,30,53.0,5.7954359E7
RHC,60,60,12.0,95311.0
SA,60,60,3.0,143754.0
GA,60,60,13.0,4757653.0
MIMIC,60,60,23.0,1.74512921E8
RHC,60,100,5.0,154781.0
SA,60,100,5.0,200861.0
GA,60,100,11.0,6371632.0
MIMIC,60,100,10.0,6.59307139E8
RHC,60,200,6.0,352098.0
SA,60,200,4.0,380849.0
GA,60,200,16.0,1.380389E7
MIMIC,60,200,34.0,1.506545515E9
RHC,60,300,5.0,419445.0
SA,60,300,0.0,504910.0
GA,60,300,11.0,1.4129599E7
MIMIC,60,300,25.0,4.208387963E9
RHC,100,10,10.0,167384.0
SA,100,10,10.0,408023.0
GA,100,10,17.0,9589350.0
MIMIC,100,10,17.0,4.366407E7
RHC,100,30,30.0,187470.0
SA,100,30,16.0,341858.0
GA,100,30,46.0,1.0006432E7
MIMIC,100,30,47.0,1.720762E8
RHC,100,60,17.0,312320.0
SA,100,60,9.0,509242.0
GA,100,60,14.0,1.630599E7
MIMIC,100,60,28.0,5.51626247E8
RHC,100,100,16.0,393845.0
SA,100,100,11.0,544295.0
GA,100,100,14.0,1.8264977E7
MIMIC,100,100,29.0,1.206940581E9
RHC,100,200,12.0,528541.0
SA,100,200,6.0,616762.0
GA,100,200,15.0,2.0514228E7
MIMIC,100,200,29.0,2.942398527E9
RHC,100,300,5.0,1036208.0
SA,100,300,1.0,1207136.0
GA,100,300,18.0,3.7887145E7
MIMIC,100,300,23.0,7.255973553E9
RHC,200,10,17.0,263876.0
SA,200,10,17.0,823531.0
GA,200,10,17.0,1.4310374E7
MIMIC,200,10,17.0,6.6314123E7
RHC,200,30,30.0,307594.0
SA,200,30,30.0,798324.0
GA,200,30,53.0,1.9901798E7
MIMIC,200,30,20.0,2.24660082E8
RHC,200,60,28.0,320591.0
SA,200,60,43.0,611248.0
GA,200,60,22.0,1.5073647E7
MIMIC,200,60,78.0,7.70946179E8
RHC,200,100,17.0,852675.0
SA,200,100,27.0,1393425.0
GA,200,100,14.0,4.0760248E7
MIMIC,200,100,17.0,1.629852225E9
RHC,200,200,9.0,1407604.0
SA,200,200,5.0,1721892.0
GA,200,200,13.0,6.0502145E7
MIMIC,200,200,18.0,4.478305614E9
RHC,200,300,12.0,1344194.0
SA,200,300,7.0,1376096.0
GA,200,300,7.0,4.1853563E7
MIMIC,200,300,40.0,1.1749838819E10
RHC,400,10,10.0,281600.0
SA,400,10,17.0,1041721.0
GA,400,10,17.0,1.6800265E7
MIMIC,400,10,17.0,8.2082513E7
RHC,400,30,30.0,3990442.0
SA,400,30,30.0,1154361.0
GA,400,30,53.0,2.1030953E7
MIMIC,400,30,53.0,3.2346606E8
RHC,400,60,60.0,602977.0
SA,400,60,58.0,1115370.0
GA,400,60,25.0,2.5044633E7
MIMIC,400,60,30.0,9.08920087E8
RHC,400,100,38.0,950743.0
SA,400,100,47.0,1228011.0
GA,400,100,24.0,3.4825784E7
MIMIC,400,100,36.0,2.901438205E9
RHC,400,200,16.0,1731345.0
SA,400,200,28.0,2099984.0
GA,400,200,11.0,1.26642581E8
MIMIC,400,200,51.0,1.0526102699E10
RHC,400,300,14.0,2804967.0
SA,400,300,6.0,7523629.0
GA,400,300,14.0,1.69746997E8
MIMIC,400,300,54.0,2.4042426608E10
RHC,1000,10,10.0,847161.0
SA,1000,10,10.0,3353594.0
GA,1000,10,17.0,5.0678064E7
MIMIC,1000,10,17.0,4.89510123E8
RHC,1000,30,30.0,2494617.0
SA,1000,30,30.0,7601218.0
GA,1000,30,53.0,1.22095636E8
MIMIC,1000,30,30.0,1.703058249E9
RHC,1000,60,60.0,3207477.0
SA,1000,60,60.0,7355064.0
GA,1000,60,84.0,1.3297601E8
MIMIC,1000,60,60.0,3.239565557E9
RHC,1000,100,100.0,2725016.0
SA,1000,100,100.0,4391771.0
GA,1000,100,17.0,1.01401027E8
MIMIC,1000,100,62.0,6.02522265E9
RHC,1000,200,28.0,5263745.0
SA,1000,200,77.0,1.2859448E7
GA,1000,200,19.0,3.22550369E8
MIMIC,1000,200,71.0,2.3868528479E10
RHC,1000,300,33.0,7194374.0
SA,1000,300,39.0,8194349.0
GA,1000,300,13.0,2.28257072E8
MIMIC,1000,300,73.0,5.6354061945E10
RHC,10,10,7.0,14572.0
SA,10,10,1.0,20480.0
GA,10,10,17.0,584073.0
MIMIC,10,10,17.0,2922333.0
RHC,10,30,4.0,12997.0
SA,10,30,0.0,20480.0
GA,10,30,46.0,715617.0
MIMIC,10,30,46.0,1.2785405E7
RHC,10,60,1.0,20480.0
SA,10,60,1.0,27569.0
GA,10,60,9.0,971223.0
MIMIC,10,60,11.0,4.4903108E7
RHC,10,100,7.0,31902.0
SA,10,100,1.0,37021.0
GA,10,100,12.0,1397757.0
MIMIC,10,100,19.0,9.7874141E7
RHC,10,200,2.0,63409.0
SA,10,200,4.0,64591.0
GA,10,200,13.0,2422543.0
MIMIC,10,200,25.0,3.67392038E8
RHC,10,300,2.0,85070.0
SA,10,300,0.0,86646.0
GA,10,300,9.0,6956493.0
MIMIC,10,300,13.0,8.57590209E8
RHC,30,10,10.0,32295.0
SA,30,10,2.0,54745.0
GA,30,10,17.0,1625007.0
MIMIC,30,10,17.0,7948195.0
RHC,30,30,14.0,35840.0
SA,30,30,7.0,60259.0
GA,30,30,42.0,1928661.0
MIMIC,30,30,8.0,3.3520581E7
RHC,30,60,11.0,66954.0
SA,30,60,1.0,81920.0
GA,30,60,13.0,2493435.0
MIMIC,30,60,15.0,9.567727E7
RHC,30,100,8.0,82707.0
SA,30,100,1.0,109489.0
GA,30,100,12.0,3378801.0
MIMIC,30,100,15.0,3.89488738E8
RHC,30,200,2.0,215039.0
SA,30,200,1.0,250092.0
GA,30,200,9.0,9042298.0
MIMIC,30,200,18.0,1.092857337E9
RHC,30,300,2.0,315864.0
SA,30,300,0.0,342251.0
GA,30,300,13.0,1.2006379E7
MIMIC,30,300,22.0,1.981201363E9
RHC,60,10,17.0,58289.0
SA,60,10,10.0,107914.0
GA,60,10,17.0,3196450.0
MIMIC,60,10,16.0,1.5395813E7
RHC,60,30,30.0,78769.0
SA,60,30,3.0,118154.0
GA,60,30,47.0,3741138.0
MIMIC,60,30,41.0,6.0482059E7
RHC,60,60,6.0,98855.0
SA,60,60,2.0,145723.0
GA,60,60,14.0,4739142.0
MIMIC,60,60,25.0,1.76323036E8
RHC,60,100,3.0,152418.0
SA,60,100,6.0,189439.0
GA,60,100,13.0,6350364.0
MIMIC,60,100,18.0,4.11511394E8
RHC,60,200,3.0,274510.0
SA,60,200,0.0,314682.0
GA,60,200,12.0,1.0757889E7
MIMIC,60,200,31.0,1.462992509E9
RHC,60,300,4.0,437562.0
SA,60,300,0.0,480491.0
GA,60,300,13.0,1.4168197E7
MIMIC,60,300,31.0,2.887009678E9
RHC,100,10,10.0,74436.0
SA,100,10,17.0,184714.0
GA,100,10,17.0,4233839.0
MIMIC,100,10,17.0,2.5352226E7
RHC,100,30,28.0,108307.0
SA,100,30,20.0,189439.0
GA,100,30,44.0,5268077.0
MIMIC,100,30,19.0,7.9517004E7
RHC,100,60,26.0,134301.0
SA,100,60,8.0,193772.0
GA,100,60,20.0,6451189.0
MIMIC,100,60,23.0,5.10460733E8
RHC,100,100,10.0,439532.0
SA,100,100,4.0,627396.0
GA,100,100,25.0,2.1254264E7
MIMIC,100,100,30.0,1.019557577E9
RHC,100,200,5.0,497427.0
SA,100,200,5.0,607309.0
GA,100,200,14.0,2.0029405E7
MIMIC,100,200,23.0,2.824925455E9
RHC,100,300,5.0,734128.0
SA,100,300,5.0,784934.0
GA,100,300,10.0,2.2850125E7
MIMIC,100,300,16.0,6.181386312E9
RHC,200,10,10.0,178806.0
SA,200,10,10.0,565562.0
GA,200,10,17.0,1.02644E7
MIMIC,200,10,17.0,5.4872124E7
RHC,200,30,30.0,237489.0
SA,200,30,53.0,583679.0
GA,200,30,53.0,1.223284E7
MIMIC,200,30,48.0,1.92969307E8
RHC,200,60,39.0,318621.0
SA,200,60,29.0,593919.0
GA,200,60,22.0,1.4996454E7
MIMIC,200,60,29.0,7.41930402E8
RHC,200,100,27.0,687655.0
SA,200,100,12.0,959014.0
GA,200,100,13.0,3.3220864E7
MIMIC,200,100,25.0,1.861886669E9
RHC,200,200,6.0,894423.0
SA,200,200,7.0,1040146.0
GA,200,200,12.0,3.7130568E7
MIMIC,200,200,39.0,5.875730337E9
RHC,200,300,6.0,1442656.0
SA,200,300,5.0,1565536.0
GA,200,300,16.0,5.0331874E7
MIMIC,200,300,47.0,1.2029623479E10
RHC,400,10,10.0,342646.0
SA,400,10,17.0,1276847.0
GA,400,10,17.0,2.0487053E7
MIMIC,400,10,17.0,1.06705731E8
RHC,400,30,30.0,467888.0
SA,400,30,30.0,1370582.0
GA,400,30,52.0,2.4549569E7
MIMIC,400,30,53.0,3.79803684E8
RHC,400,60,60.0,647088.0
SA,400,60,107.0,1327654.0
GA,400,60,84.0,3.0446617E7
MIMIC,400,60,27.0,1.081253074E9
RHC,400,100,41.0,1064170.0
SA,400,100,35.0,1400908.0
GA,400,100,25.0,5.5672024E7
MIMIC,400,100,32.0,3.378985273E9
RHC,400,200,26.0,2702961.0
SA,400,200,9.0,3306726.0
GA,400,200,22.0,1.0830238E8
MIMIC,400,200,27.0,1.0585412279E10
RHC,400,300,25.0,3351625.0
SA,400,300,12.0,3693089.0
GA,400,300,13.0,1.70010481E8
MIMIC,400,300,54.0,2.2218020241E10
RHC,1000,10,10.0,1066140.0
SA,1000,10,10.0,4164915.0
GA,1000,10,17.0,6.5809607E7
MIMIC,1000,10,17.0,2.72922692E8
RHC,1000,30,30.0,1160269.0
SA,1000,30,53.0,3617864.0
GA,1000,30,53.0,6.0782957E7
MIMIC,1000,30,30.0,9.34056487E8
RHC,1000,60,60.0,1786876.0
SA,1000,60,60.0,4047156.0
GA,1000,60,84.0,7.543834E7
MIMIC,1000,60,43.0,3.738387762E9
RHC,1000,100,100.0,2930604.0
SA,1000,100,72.0,4262196.0
GA,1000,100,29.0,1.05306004E8
MIMIC,1000,100,65.0,6.666304985E9
RHC,1000,200,66.0,8007665.0
SA,1000,200,52.0,1.0166727E7
GA,1000,200,22.0,3.1383457E8
MIMIC,1000,200,84.0,2.3985573047E10
RHC,1000,300,64.0,7351125.0
SA,1000,300,40.0,7944651.0
GA,1000,300,20.0,3.17490243E8
MIMIC,1000,300,60.0,5.6866838488E10
RHC,10,10,10.0,14966.0
SA,10,10,0.0,20874.0
GA,10,10,17.0,582891.0
MIMIC,10,10,17.0,2927059.0
RHC,10,30,12.0,14178.0
SA,10,30,3.0,20874.0
GA,10,30,43.0,730977.0
MIMIC,10,30,8.0,1.3028802E7
RHC,10,60,1.0,21662.0
SA,10,60,3.0,27963.0
GA,10,60,13.0,977131.0
MIMIC,10,60,10.0,4.766239E7
RHC,10,100,2.0,64984.0
SA,10,100,1.0,61834.0
GA,10,100,12.0,2830174.0
MIMIC,10,100,16.0,2.1913128E8
RHC,10,200,2.0,95704.0
SA,10,200,2.0,103187.0
GA,10,200,14.0,4413432.0
MIMIC,10,200,16.0,5.32093088E8
RHC,10,300,0.0,122092.0
SA,10,300,4.0,146510.0
GA,10,300,6.0,6431496.0
MIMIC,10,300,24.0,1.088875953E9
RHC,30,10,10.0,63410.0
SA,30,10,3.0,53169.0
GA,30,10,17.0,1630126.0
MIMIC,30,10,17.0,7928896.0
RHC,30,30,12.0,35052.0
SA,30,30,3.0,60259.0
GA,30,30,43.0,1932993.0
MIMIC,30,30,17.0,3.1834528E7
RHC,30,60,4.0,57107.0
SA,30,60,3.0,78769.0
GA,30,60,19.0,2532820.0
MIMIC,30,60,19.0,1.35341447E8
RHC,30,100,2.0,152812.0
SA,30,100,4.0,187077.0
GA,30,100,11.0,6881661.0
MIMIC,30,100,23.0,4.09740271E8
RHC,30,200,3.0,168565.0
SA,30,200,2.0,202830.0
GA,30,200,9.0,7455888.0
MIMIC,30,200,25.0,1.133005155E9
RHC,30,300,1.0,252061.0
SA,30,300,0.0,272541.0
GA,30,300,21.0,8722495.0
MIMIC,30,300,18.0,1.760337163E9
RHC,60,10,17.0,47261.0
SA,60,10,10.0,86646.0
GA,60,10,17.0,2605288.0
MIMIC,60,10,17.0,1.3085515E7
RHC,60,30,30.0,62228.0
SA,60,30,10.0,97674.0
GA,60,30,47.0,3123194.0
MIMIC,60,30,14.0,5.4311288E7
RHC,60,60,6.0,86252.0
SA,60,60,9.0,125243.0
GA,60,60,17.0,4089691.0
MIMIC,60,60,29.0,1.39623334E8
RHC,60,100,14.0,142966.0
SA,60,100,2.0,159114.0
GA,60,100,12.0,5453185.0
MIMIC,60,100,18.0,3.49208194E8
RHC,60,200,6.0,3724596.0
SA,60,200,3.0,291445.0
GA,60,200,11.0,9137215.0
MIMIC,60,200,24.0,1.881701035E9
RHC,60,300,2.0,434017.0
SA,60,300,1.0,474978.0
GA,60,300,17.0,1.4166227E7
MIMIC,60,300,23.0,3.128232929E9
RHC,100,10,10.0,72468.0
SA,100,10,10.0,178018.0
GA,100,10,17.0,4224386.0
MIMIC,100,10,17.0,2.1041193E7
RHC,100,30,30.0,124849.0
SA,100,30,10.0,169353.0
GA,100,30,43.0,5046736.0
MIMIC,100,30,50.0,8.416438E7
RHC,100,60,22.0,173685.0
SA,100,60,10.0,200074.0
GA,100,60,27.0,6510659.0
MIMIC,100,60,21.0,2.33880004E8
RHC,100,100,9.0,228430.0
SA,100,100,9.0,285931.0
GA,100,100,14.0,8896181.0
MIMIC,100,100,29.0,5.50935442E8
RHC,100,200,8.0,412750.0
SA,100,200,6.0,467888.0
GA,100,200,18.0,1.5339099E7
MIMIC,100,200,20.0,2.712178922E9
RHC,100,300,2.0,1138607.0
SA,100,300,6.0,1320564.0
GA,100,300,10.0,4.3280465E7
MIMIC,100,300,21.0,6.649060068E9
RHC,200,10,17.0,218190.0
SA,200,10,17.0,671900.0
GA,200,10,17.0,1.2152889E7
MIMIC,200,10,17.0,6.3938052E7
RHC,200,30,30.0,268996.0
SA,200,30,53.0,695531.0
GA,200,30,53.0,1.4326522E7
MIMIC,200,30,46.0,2.95149754E8
RHC,200,60,60.0,688836.0
SA,200,60,27.0,1157512.0
GA,200,60,16.0,3.1794356E7
MIMIC,200,60,29.0,9.03723297E8
RHC,200,100,22.0,639605.0
SA,200,100,20.0,905450.0
GA,200,100,17.0,2.7182031E7
MIMIC,200,100,25.0,1.526318131E9
RHC,200,200,7.0,918053.0
SA,200,200,12.0,1040539.0
GA,200,200,18.0,3.418421E7
MIMIC,200,200,34.0,4.757195852E9
RHC,200,300,8.0,1441868.0
SA,200,300,8.0,1567112.0
GA,200,300,20.0,4.8198807E7
MIMIC,200,300,46.0,1.2262556285E10
RHC,400,10,10.0,278448.0
SA,400,10,10.0,1033844.0
GA,400,10,17.0,1.696253E7
MIMIC,400,10,17.0,8.5653903E7
RHC,400,30,30.0,395421.0
SA,400,30,30.0,1118522.0
GA,400,30,49.0,2.0200727E7
MIMIC,400,30,53.0,3.27201684E8
RHC,400,60,60.0,619519.0
SA,400,60,60.0,1163025.0
GA,400,60,81.0,2.5807905E7
MIMIC,400,60,36.0,1.505782243E9
RHC,400,100,62.0,1411543.0
SA,400,100,28.0,1958593.0
GA,400,100,14.0,6.308971E7
MIMIC,400,100,51.0,2.640733782E9
RHC,400,200,12.0,1757338.0
SA,400,200,31.0,2174027.0
GA,400,200,14.0,6.7403499E7
MIMIC,400,200,52.0,9.933959994E9
RHC,400,300,13.0,4595389.0
SA,400,300,20.0,5385837.0
GA,400,300,18.0,1.70847796E8
MIMIC,400,300,59.0,2.3716083112E10
RHC,1000,10,17.0,866460.0
SA,1000,10,17.0,3381557.0
GA,1000,10,17.0,9.9990272E7
MIMIC,1000,10,17.0,5.20870067E8
RHC,1000,30,30.0,1917239.0
SA,1000,30,30.0,5918709.0
GA,1000,30,53.0,1.03055965E8
MIMIC,1000,30,30.0,1.508419825E9
RHC,1000,60,60.0,2712020.0
SA,1000,60,60.0,6670561.0
GA,1000,60,27.0,1.55201103E8
MIMIC,1000,60,57.0,3.992411386E9
RHC,1000,100,75.0,3828178.0
SA,1000,100,100.0,7179014.0
GA,1000,100,28.0,1.37316975E8
MIMIC,1000,100,63.0,9.557171197E9
RHC,1000,200,36.0,9230950.0
SA,1000,200,44.0,7527962.0
GA,1000,200,16.0,2.6412379E8
MIMIC,1000,200,79.0,2.6046241395E10
RHC,1000,300,48.0,7842645.0
SA,1000,300,30.0,1.206073E7
GA,1000,300,12.0,2.32319588E8
MIMIC,1000,300,75.0,5.3948186479E10
RHC,10,10,15.0,14178.0
SA,10,10,4.0,20480.0
GA,10,10,17.0,581316.0
MIMIC,10,10,17.0,2945570.0
RHC,10,30,8.0,12604.0
SA,10,30,2.0,20480.0
GA,10,30,39.0,724675.0
MIMIC,10,30,40.0,1.336869E7
RHC,10,60,5.0,21267.0
SA,10,60,1.0,28357.0
GA,10,60,13.0,986189.0
MIMIC,10,60,18.0,3.971577E7
RHC,10,100,1.0,30720.0
SA,10,100,0.0,38203.0
GA,10,100,12.0,1383580.0
MIMIC,10,100,14.0,1.47364761E8
RHC,10,200,5.0,101219.0
SA,10,200,1.0,110671.0
GA,10,200,17.0,4765136.0
MIMIC,10,200,20.0,5.73915142E8
RHC,10,300,1.0,84283.0
SA,10,300,1.0,93341.0
GA,10,300,17.0,3624954.0
MIMIC,10,300,16.0,8.64369865E8
RHC,30,10,17.0,32295.0
SA,30,10,0.0,54745.0
GA,30,10,17.0,1639578.0
MIMIC,30,10,16.0,8020663.0
RHC,30,30,16.0,35840.0
SA,30,30,2.0,60259.0
GA,30,30,51.0,1954261.0
MIMIC,30,30,17.0,3.502192E7
RHC,30,60,8.0,57501.0
SA,30,60,3.0,81526.0
GA,30,60,13.0,2492254.0
MIMIC,30,60,82.0,9.131622E7
RHC,30,100,4.0,83101.0
SA,30,100,1.0,101612.0
GA,30,100,13.0,3389040.0
MIMIC,30,100,9.0,2.39304437E8
RHC,30,200,2.0,144542.0
SA,30,200,0.0,166203.0
GA,30,200,9.0,5747780.0
MIMIC,30,200,17.0,1.078241339E9
RHC,30,300,0.0,263876.0
SA,30,300,0.0,280024.0
GA,30,300,11.0,9421177.0
MIMIC,30,300,14.0,2.300509203E9
RHC,60,10,17.0,121699.0
SA,60,10,17.0,189834.0
GA,60,10,17.0,5446489.0
MIMIC,60,10,17.0,2.6670033E7
RHC,60,30,46.0,128000.0
SA,60,30,6.0,199679.0
GA,60,30,52.0,6599274.0
MIMIC,60,30,24.0,1.17191079E8
RHC,60,60,15.0,201649.0
SA,60,60,6.0,300898.0
GA,60,60,77.0,1.0070628E7
MIMIC,60,60,16.0,3.2737734E8
RHC,60,100,2.0,214252.0
SA,60,100,7.0,294990.0
GA,60,100,15.0,9770518.0
MIMIC,60,100,26.0,4.71103756E8
RHC,60,200,10.0,285144.0
SA,60,200,0.0,317046.0
GA,60,200,14.0,1.082051E7
MIMIC,60,200,26.0,1.47866677E9
RHC,60,300,2.0,416294.0
SA,60,300,5.0,476947.0
GA,60,300,12.0,1.8921123E7
MIMIC,60,300,10.0,4.340274203E9
RHC,100,10,17.0,115397.0
SA,100,10,17.0,274510.0
GA,100,10,17.0,6178253.0
MIMIC,100,10,16.0,3.2457985E7
RHC,100,30,30.0,136664.0
SA,100,30,15.0,225674.0
GA,100,30,52.0,6763508.0
MIMIC,100,30,42.0,1.02673542E8
RHC,100,60,21.0,155175.0
SA,100,60,28.0,264270.0
GA,100,60,12.0,7627999.0
MIMIC,100,60,17.0,2.86215369E8
RHC,100,100,11.0,243002.0
SA,100,100,5.0,315076.0
GA,100,100,17.0,1.0447538E7
MIMIC,100,100,17.0,6.57373358E8
RHC,100,200,3.0,438744.0
SA,100,200,1.0,542719.0
GA,100,200,18.0,1.7406788E7
MIMIC,100,200,30.0,2.875683469E9
RHC,100,300,6.0,702620.0
SA,100,300,10.0,773513.0
GA,100,300,16.0,2.6235227E7
MIMIC,100,300,23.0,5.332353577E9
RHC,200,10,10.0,303261.0
SA,200,10,10.0,1006669.0
GA,200,10,17.0,2.646287E7
MIMIC,200,10,17.0,1.08533568E8
RHC,200,30,30.0,487187.0
SA,200,30,30.0,1388699.0
GA,200,30,51.0,2.6233258E7
MIMIC,200,30,21.0,3.3384822E8
RHC,200,60,42.0,449377.0
SA,200,60,19.0,707347.0
GA,200,60,81.0,2.0732419E7
MIMIC,200,60,26.0,5.89967102E8
RHC,200,100,18.0,882214.0
SA,200,100,21.0,1253217.0
GA,200,100,16.0,4.1142277E7
MIMIC,200,100,31.0,1.948613014E9
RHC,200,200,4.0,899937.0
SA,200,200,8.0,1016909.0
GA,200,200,16.0,3.4110955E7
MIMIC,200,200,28.0,6.184901777E9
RHC,200,300,9.0,2131491.0
SA,200,300,1.0,2520611.0
GA,200,300,15.0,7.8223221E7
MIMIC,200,300,35.0,1.1530175848E10
RHC,400,10,10.0,744762.0
SA,400,10,17.0,2775429.0
GA,400,10,17.0,4.4006322E7
MIMIC,400,10,17.0,2.05568423E8
RHC,400,30,30.0,836134.0
SA,400,30,30.0,2404032.0
GA,400,30,45.0,4.1255312E7
MIMIC,400,30,53.0,4.68865138E8
RHC,400,60,59.0,704983.0
SA,400,60,40.0,1238644.0
GA,400,60,17.0,3.3502069E7
MIMIC,400,60,24.0,1.522368255E9
RHC,400,100,24.0,1249278.0
SA,400,100,58.0,2069264.0
GA,400,100,25.0,6.93424E7
MIMIC,400,100,45.0,3.449909751E9
RHC,400,200,31.0,2645460.0
SA,400,200,29.0,3141705.0
GA,400,200,12.0,1.02651486E8
MIMIC,400,200,52.0,9.878759797E9
RHC,400,300,12.0,2782124.0
SA,400,300,26.0,3117287.0
GA,400,300,13.0,1.70087674E8
MIMIC,400,300,57.0,2.3873800888E10
RHC,1000,10,10.0,928293.0
SA,1000,10,17.0,3635587.0
GA,1000,10,17.0,5.84829E7
MIMIC,1000,10,17.0,2.60069545E8
RHC,1000,30,30.0,1195321.0
SA,1000,30,30.0,3628104.0
GA,1000,30,51.0,6.4092834E7
MIMIC,1000,30,53.0,1.109038871E9
RHC,1000,60,60.0,3463083.0
SA,1000,60,60.0,7082523.0
GA,1000,60,82.0,1.52146832E8
MIMIC,1000,60,107.0,2.793249253E9
RHC,1000,100,100.0,2845533.0
SA,1000,100,100.0,4365383.0
GA,1000,100,33.0,1.02260003E8
MIMIC,1000,100,53.0,6.84946951E9
RHC,1000,200,75.0,4665099.0
SA,1000,200,43.0,5548494.0
GA,1000,200,27.0,1.73646067E8
MIMIC,1000,200,93.0,2.3713607794E10
RHC,1000,300,52.0,9294753.0
SA,1000,300,41.0,7483457.0
GA,1000,300,15.0,3.15940855E8
MIMIC,1000,300,83.0,5.8897087394E10
RHC,10,10,3.0,12997.0
SA,10,10,2.0,20086.0
GA,10,10,17.0,586830.0
MIMIC,10,10,17.0,2901854.0
RHC,10,30,3.0,12209.0
SA,10,30,1.0,20873.0
GA,10,30,43.0,729402.0
MIMIC,10,30,12.0,1.3051645E7
RHC,10,60,4.0,21268.0
SA,10,60,2.0,28357.0
GA,10,60,10.0,982250.0
MIMIC,10,60,76.0,4.0013911E7
RHC,10,100,3.0,30720.0
SA,10,100,1.0,38203.0
GA,10,100,7.0,1389093.0
MIMIC,10,100,9.0,1.06920376E8
RHC,10,200,4.0,59077.0
SA,10,200,2.0,63409.0
GA,10,200,6.0,2403639.0
MIMIC,10,200,13.0,4.52749769E8
RHC,10,300,0.0,137846.0
SA,10,300,3.0,147692.0
GA,10,300,7.0,6469305.0
MIMIC,10,300,17.0,1.036841486E9
RHC,30,10,10.0,31114.0
SA,30,10,1.0,53563.0
GA,30,10,17.0,1638791.0
MIMIC,30,10,17.0,7886361.0
RHC,30,30,11.0,33083.0
SA,30,30,1.0,59077.0
GA,30,30,40.0,1918027.0
MIMIC,30,30,51.0,3.3330353E7
RHC,30,60,3.0,61440.0
SA,30,60,1.0,81133.0
GA,30,60,23.0,2508008.0
MIMIC,30,60,17.0,9.7887531E7
RHC,30,100,8.0,79163.0
SA,30,100,0.0,104369.0
GA,30,100,12.0,3385889.0
MIMIC,30,100,23.0,2.2842682E8
RHC,30,200,3.0,148479.0
SA,30,200,1.0,166597.0
GA,30,200,11.0,5762747.0
MIMIC,30,200,28.0,8.04980727E8
RHC,30,300,4.0,229218.0
SA,30,300,3.0,241034.0
GA,30,300,10.0,7674866.0
MIMIC,30,300,24.0,2.738499614E9
RHC,60,10,17.0,98461.0
SA,60,10,17.0,174080.0
GA,60,10,17.0,5150317.0
MIMIC,60,10,17.0,2.5339623E7
RHC,60,30,13.0,105550.0
SA,60,30,6.0,190228.0
GA,60,30,43.0,6020715.0
MIMIC,60,30,43.0,8.9027584E7
RHC,60,60,15.0,131938.0
SA,60,60,5.0,219372.0
GA,60,60,11.0,6319644.0
MIMIC,60,60,22.0,2.13990021E8
RHC,60,100,9.0,159114.0
SA,60,100,2.0,209526.0
GA,60,100,16.0,6812345.0
MIMIC,60,100,22.0,4.62298159E8
RHC,60,200,1.0,465525.0
SA,60,200,2.0,576195.0
GA,60,200,10.0,2.1021501E7
MIMIC,60,200,31.0,1.708103804E9
RHC,60,300,2.0,426140.0
SA,60,300,1.0,486005.0
GA,60,300,12.0,1.4178042E7
MIMIC,60,300,26.0,4.22155973E9
RHC,100,10,10.0,90584.0
SA,100,10,10.0,224885.0
GA,100,10,17.0,5240902.0
MIMIC,100,10,17.0,2.5458958E7
RHC,100,30,30.0,124455.0
SA,100,30,43.0,217796.0
GA,100,30,52.0,8796144.0
MIMIC,100,30,15.0,9.9451098E7
RHC,100,60,23.0,161476.0
SA,100,60,10.0,253242.0
GA,100,60,74.0,7715826.0
MIMIC,100,60,26.0,4.99715447E8
RHC,100,100,3.0,301292.0
SA,100,100,7.0,427322.0
GA,100,100,10.0,1.6435958E7
MIMIC,100,100,19.0,8.96205181E8
RHC,100,200,19.0,606129.0
SA,100,200,7.0,735703.0
GA,100,200,13.0,4.0563325E7
MIMIC,100,200,17.0,2.875993032E9
RHC,100,300,8.0,1177204.0
SA,100,300,3.0,1343406.0
GA,100,300,8.0,4.3118595E7
MIMIC,100,300,20.0,6.452067235E9
RHC,200,10,10.0,174868.0
SA,200,10,17.0,576984.0
GA,200,10,17.0,1.0244314E7
MIMIC,200,10,17.0,5.1033707E7
RHC,200,30,30.0,235126.0
SA,200,30,53.0,600220.0
GA,200,30,48.0,1.6245338E7
MIMIC,200,30,53.0,1.89332144E8
RHC,200,60,15.0,291052.0
SA,200,60,13.0,515937.0
GA,200,60,75.0,1.5113819E7
MIMIC,200,60,32.0,5.51654998E8
RHC,200,100,34.0,528147.0
SA,200,100,20.0,656540.0
GA,200,100,21.0,2.0322426E7
MIMIC,200,100,25.0,1.567021272E9
RHC,200,200,19.0,926325.0
SA,200,200,15.0,1061020.0
GA,200,200,11.0,3.40121E7
MIMIC,200,200,42.0,5.824586747E9
RHC,200,300,6.0,1427296.0
SA,200,300,9.0,1559628.0
GA,200,300,18.0,4.8398093E7
MIMIC,200,300,44.0,1.071308713E10
RHC,400,10,10.0,372184.0
SA,400,10,10.0,1311900.0
GA,400,10,17.0,4.7819927E7
MIMIC,400,10,17.0,2.1423578E8
RHC,400,30,30.0,996429.0
SA,400,30,53.0,2950690.0
GA,400,30,53.0,5.2465729E7
MIMIC,400,30,30.0,6.00164155E8
RHC,400,60,60.0,810928.0
SA,400,60,60.0,1588379.0
GA,400,60,25.0,3.7875724E7
MIMIC,400,60,38.0,1.348332281E9
RHC,400,100,41.0,1068109.0
SA,400,100,57.0,1495825.0
GA,400,100,20.0,4.3044946E7
MIMIC,400,100,33.0,3.508732145E9
RHC,400,200,7.0,1809720.0
SA,400,200,19.0,2185843.0
GA,400,200,14.0,7.2716474E7
MIMIC,400,200,43.0,1.1218822111E10
RHC,400,300,11.0,4512287.0
SA,400,300,16.0,4768286.0
GA,400,300,13.0,1.68363813E8
MIMIC,400,300,58.0,2.3006376752E10
RHC,1000,10,10.0,1716772.0
SA,1000,10,17.0,6764689.0
GA,1000,10,17.0,9.4196805E7
MIMIC,1000,10,17.0,4.76530552E8
RHC,1000,30,30.0,1712440.0
SA,1000,30,30.0,5228692.0
GA,1000,30,53.0,8.8874772E7
MIMIC,1000,30,53.0,9.76268448E8
RHC,1000,60,60.0,1747886.0
SA,1000,60,60.0,3969175.0
GA,1000,60,100.0,8.8204053E7
MIMIC,1000,60,50.0,3.159965846E9
RHC,1000,100,100.0,2827810.0
SA,1000,100,68.0,3937667.0
GA,1000,100,35.0,1.02966168E8
MIMIC,1000,100,75.0,5.926621078E9
RHC,1000,200,43.0,7886361.0
SA,1000,200,47.0,1.0282911E7
GA,1000,200,30.0,3.01153534E8
MIMIC,1000,200,66.0,2.709424446E10
RHC,1000,300,29.0,1.1501075E7
SA,1000,300,54.0,1.3756628E7
GA,1000,300,14.0,4.22779312E8
MIMIC,1000,300,78.0,6.1060024411E10
RHC,10,10,10.0,14179.0
SA,10,10,1.0,20479.0
GA,10,10,17.0,584861.0
MIMIC,10,10,17.0,2962112.0
RHC,10,30,3.0,12209.0
SA,10,30,2.0,20873.0
GA,10,30,37.0,729401.0
MIMIC,10,30,16.0,1.287914E7
RHC,10,60,11.0,20874.0
SA,10,60,0.0,27963.0
GA,10,60,10.0,986189.0
MIMIC,10,60,16.0,4.5192584E7
RHC,10,100,4.0,32689.0
SA,10,100,0.0,37022.0
GA,10,100,9.0,1374521.0
MIMIC,10,100,11.0,1.01581014E8
RHC,10,200,1.0,59077.0
SA,10,200,1.0,66166.0
GA,10,200,12.0,2411909.0
MIMIC,10,200,27.0,3.75918005E8
RHC,10,300,2.0,80738.0
SA,10,300,3.0,85858.0
GA,10,300,12.0,3273643.0
MIMIC,10,300,26.0,8.41016405E8
RHC,30,10,17.0,31508.0
SA,30,10,2.0,53563.0
GA,30,10,17.0,1636821.0
MIMIC,30,10,17.0,7975371.0
RHC,30,30,20.0,37809.0
SA,30,30,3.0,60652.0
GA,30,30,41.0,1941264.0
MIMIC,30,30,11.0,3.2329986E7
RHC,30,60,8.0,55532.0
SA,30,60,1.0,78770.0
GA,30,60,9.0,2470593.0
MIMIC,30,60,15.0,1.00029657E8
RHC,30,100,4.0,82313.0
SA,30,100,1.0,104369.0
GA,30,100,9.0,3383526.0
MIMIC,30,100,15.0,2.24642359E8
RHC,30,200,1.0,142573.0
SA,30,200,4.0,176837.0
GA,30,200,9.0,5730451.0
MIMIC,30,200,22.0,1.217728008E9
RHC,30,300,6.0,314682.0
SA,30,300,1.0,323347.0
GA,30,300,9.0,1.1323844E7
MIMIC,30,300,19.0,2.448805408E9
RHC,60,10,17.0,83496.0
SA,60,10,6.0,142965.0
GA,60,10,17.0,4315365.0
MIMIC,60,10,17.0,2.3410567E7
RHC,60,30,25.0,94129.0
SA,60,30,6.0,144541.0
GA,60,30,47.0,4584755.0
MIMIC,60,30,15.0,7.5455275E7
RHC,60,60,14.0,110671.0
SA,60,60,3.0,163052.0
GA,60,60,74.0,5293283.0
MIMIC,60,60,23.0,2.9697444E8
RHC,60,100,11.0,238671.0
SA,60,100,2.0,331618.0
GA,60,100,20.0,1.1180485E7
MIMIC,60,100,10.0,7.29642424E8
RHC,60,200,4.0,328074.0
SA,60,200,1.0,382817.0
GA,60,200,13.0,1.2295462E7
MIMIC,60,200,23.0,1.998047314E9
RHC,60,300,2.0,442682.0
SA,60,300,2.0,498609.0
GA,60,300,10.0,1.501142E7
MIMIC,60,300,22.0,3.665134083E9
RHC,100,10,17.0,167384.0
SA,100,10,10.0,382030.0
GA,100,10,17.0,9073412.0
MIMIC,100,10,17.0,4.4926345E7
RHC,100,30,30.0,200468.0
SA,100,30,12.0,367063.0
GA,100,30,43.0,1.0542061E7
MIMIC,100,30,9.0,1.53871875E8
RHC,100,60,20.0,213858.0
SA,100,60,15.0,333588.0
GA,100,60,20.0,1.0437692E7
MIMIC,100,60,15.0,3.26643212E8
RHC,100,100,2.0,256394.0
SA,100,100,10.0,307987.0
GA,100,100,12.0,1.0247071E7
MIMIC,100,100,31.0,9.08666845E8
RHC,100,200,7.0,508848.0
SA,100,200,3.0,625821.0
GA,100,200,13.0,2.0526832E7
MIMIC,100,200,20.0,2.425093548E9
RHC,100,300,3.0,739248.0
SA,100,300,3.0,808171.0
GA,100,300,11.0,2.5820115E7
MIMIC,100,300,44.0,6.442456225E9
RHC,200,10,10.0,376516.0
SA,200,10,10.0,1263062.0
GA,200,10,17.0,2.1995481E7
MIMIC,200,10,17.0,1.08436288E8
RHC,200,30,30.0,430867.0
SA,200,30,30.0,1108281.0
GA,200,30,48.0,2.229244E7
MIMIC,200,30,53.0,3.05657157E8
RHC,200,60,39.0,391877.0
SA,200,60,29.0,745550.0
GA,200,60,79.0,1.9742291E7
MIMIC,200,60,18.0,5.77990262E8
RHC,200,100,17.0,502547.0
SA,200,100,13.0,631334.0
GA,200,100,24.0,3.2863253E7
MIMIC,200,100,37.0,1.274535489E9
RHC,200,200,11.0,912146.0
SA,200,200,16.0,1064171.0
GA,200,200,11.0,3.3873466E7
MIMIC,200,200,43.0,5.732709692E9
RHC,200,300,5.0,1433203.0
SA,200,300,2.0,1547025.0
GA,200,300,13.0,4.7842771E7
MIMIC,200,300,24.0,1.2551805053E10
RHC,400,10,17.0,357218.0
SA,400,10,10.0,1255973.0
GA,400,10,17.0,2.0399225E7
MIMIC,400,10,17.0,1.04748319E8
RHC,400,30,30.0,474189.0
SA,400,30,53.0,1365462.0
GA,400,30,53.0,2.4261274E7
MIMIC,400,30,30.0,3.75361107E8
RHC,400,60,60.0,661266.0
SA,400,60,60.0,1467074.0
GA,400,60,30.0,3.0550198E7
MIMIC,400,60,31.0,1.64463994E9
RHC,400,100,24.0,1775456.0
SA,400,100,50.0,2912094.0
GA,400,100,16.0,7.2547515E7
MIMIC,400,100,35.0,3.034956935E9
RHC,400,200,15.0,4846269.0
SA,400,200,27.0,2176784.0
GA,400,200,18.0,7.0039112E7
MIMIC,400,200,43.0,1.0532495598E10
RHC,400,300,7.0,2932180.0
SA,400,300,24.0,3336659.0
GA,400,300,19.0,9.1066522E7
MIMIC,400,300,53.0,2.1173340444E10
RHC,1000,10,10.0,1725437.0
SA,1000,10,10.0,6663078.0
GA,1000,10,17.0,9.3444954E7
MIMIC,1000,10,17.0,3.53077725E8
RHC,1000,30,30.0,1318595.0
SA,1000,30,53.0,4138922.0
GA,1000,30,53.0,7.1755097E7
MIMIC,1000,30,53.0,1.4062508E9
RHC,1000,60,60.0,1853830.0
SA,1000,60,60.0,4040067.0
GA,1000,60,80.0,7.622485E7
MIMIC,1000,60,49.0,3.953801535E9
RHC,1000,100,100.0,2650186.0
SA,1000,100,100.0,4346872.0
GA,1000,100,23.0,1.30742119E8
MIMIC,1000,100,73.0,7.994405819E9
RHC,1000,200,67.0,4664311.0
SA,1000,200,53.0,5455941.0
GA,1000,200,17.0,1.73477501E8
MIMIC,1000,200,63.0,2.7627389904E10
RHC,1000,300,25.0,7185710.0
SA,1000,300,28.0,8145511.0
GA,1000,300,23.0,2.31836339E8
MIMIC,1000,300,65.0,5.7293830371E10
RHC,10,10,9.0,14179.0
SA,10,10,0.0,20086.0
GA,10,10,17.0,612823.0
MIMIC,10,10,17.0,2895552.0
RHC,10,30,2.0,12209.0
SA,10,30,6.0,21268.0
GA,10,30,40.0,729402.0
MIMIC,10,30,46.0,1.2949244E7
RHC,10,60,5.0,21268.0
SA,10,60,0.0,27569.0
GA,10,60,11.0,981463.0
MIMIC,10,60,17.0,4.0235252E7
RHC,10,100,2.0,32295.0
SA,10,100,1.0,37809.0
GA,10,100,9.0,1379641.0
MIMIC,10,100,20.0,1.01577469E8
RHC,10,200,1.0,58289.0
SA,10,200,2.0,64197.0
GA,10,200,7.0,2427270.0
MIMIC,10,200,14.0,3.83685425E8
RHC,10,300,2.0,81920.0
SA,10,300,1.0,83889.0
GA,10,300,7.0,8108491.0
MIMIC,10,300,25.0,1.349848192E9
RHC,30,10,10.0,41748.0
SA,30,10,3.0,72073.0
GA,30,10,17.0,2239405.0
MIMIC,30,10,17.0,1.093E7
RHC,30,30,10.0,48443.0
SA,30,30,2.0,79163.0
GA,30,30,43.0,2654518.0
MIMIC,30,30,45.0,6.1260297E7
RHC,30,60,3.0,100431.0
SA,30,60,0.0,158325.0
GA,30,60,20.0,5274378.0
MIMIC,30,60,27.0,1.94229612E8
RHC,30,100,3.0,130756.0
SA,30,100,2.0,164234.0
GA,30,100,11.0,5867116.0
MIMIC,30,100,17.0,4.51608406E8
RHC,30,200,2.0,204800.0
SA,30,200,1.0,229611.0
GA,30,200,10.0,8620096.0
MIMIC,30,200,23.0,9.22699165E8
RHC,30,300,2.0,234338.0
SA,30,300,3.0,243397.0
GA,30,300,10.0,1.0648006E7
MIMIC,30,300,25.0,2.070430201E9
RHC,60,10,10.0,57108.0
SA,60,10,17.0,109096.0
GA,60,10,17.0,3160610.0
MIMIC,60,10,17.0,1.5347763E7
RHC,60,30,23.0,77194.0
SA,60,30,0.0,116184.0
GA,60,30,47.0,3779341.0
MIMIC,60,30,43.0,6.3464651E7
RHC,60,60,23.0,103187.0
SA,60,60,2.0,153206.0
GA,60,60,22.0,4756866.0
MIMIC,60,60,14.0,1.79866856E8
RHC,60,100,18.0,160689.0
SA,60,100,4.0,187077.0
GA,60,100,13.0,8914692.0
MIMIC,60,100,20.0,4.08942339E8
RHC,60,200,5.0,281600.0
SA,60,200,2.0,319409.0
GA,60,200,13.0,1.0783489E7
MIMIC,60,200,20.0,1.920077729E9
RHC,60,300,11.0,558079.0
SA,60,300,5.0,641968.0
GA,60,300,12.0,2.0963999E7
MIMIC,60,300,23.0,3.893847622E9
RHC,100,10,10.0,91373.0
SA,100,10,10.0,224886.0
GA,100,10,17.0,5254686.0
MIMIC,100,10,17.0,2.8855481E7
RHC,100,30,30.0,118547.0
SA,100,30,21.0,222523.0
GA,100,30,53.0,6220789.0
MIMIC,100,30,53.0,9.7010043E7
RHC,100,60,31.0,170929.0
SA,100,60,5.0,246153.0
GA,100,60,76.0,7739457.0
MIMIC,100,60,18.0,2.94123786E8
RHC,100,100,10.0,259544.0
SA,100,100,10.0,331224.0
GA,100,100,10.0,1.9647374E7
MIMIC,100,100,15.0,9.305552E8
RHC,100,200,4.0,443076.0
SA,100,200,2.0,508061.0
GA,100,200,16.0,1.7391428E7
MIMIC,100,200,41.0,2.71600198E9
RHC,100,300,5.0,727827.0
SA,100,300,7.0,781783.0
GA,100,300,8.0,2.542233E7
MIMIC,100,300,16.0,5.831570415E9
RHC,200,10,10.0,177230.0
SA,200,10,17.0,578165.0
GA,200,10,17.0,1.0275822E7
MIMIC,200,10,17.0,5.3517296E7
RHC,200,30,30.0,244184.0
SA,200,30,30.0,605340.0
GA,200,30,53.0,1.2451424E7
MIMIC,200,30,18.0,1.9684199E8
RHC,200,60,36.0,323741.0
SA,200,60,28.0,546264.0
GA,200,60,12.0,1.5079949E7
MIMIC,200,60,23.0,5.4810842E8
RHC,200,100,13.0,466707.0
SA,200,100,18.0,649451.0
GA,200,100,20.0,2.0273589E7
MIMIC,200,100,10.0,1.279794507E9
RHC,200,200,19.0,910176.0
SA,200,200,14.0,1103161.0
GA,200,200,8.0,3.6962396E7
MIMIC,200,200,33.0,4.937610154E9
RHC,200,300,6.0,1532846.0
SA,200,300,6.0,1697474.0
GA,200,300,13.0,4.8739163E7
MIMIC,200,300,32.0,1.2395388148E10
RHC,400,10,10.0,406843.0
SA,400,10,17.0,1506065.0
GA,400,10,17.0,2.4060412E7
MIMIC,400,10,17.0,1.18430116E8
RHC,400,30,30.0,507667.0
SA,400,30,30.0,1487554.0
GA,400,30,49.0,2.9528563E7
MIMIC,400,30,53.0,6.56215846E8
RHC,400,60,60.0,1213438.0
SA,400,60,52.0,2278790.0
GA,400,60,78.0,5.5364825E7
MIMIC,400,60,20.0,1.372102823E9
RHC,400,100,43.0,1500551.0
SA,400,100,29.0,2058236.0
GA,400,100,22.0,6.2363853E7
MIMIC,400,100,38.0,2.972608836E9
RHC,400,200,18.0,1817991.0
SA,400,200,15.0,5420101.0
GA,400,200,16.0,6.7524803E7
MIMIC,400,200,47.0,1.2178716434E10
RHC,400,300,13.0,2942419.0
SA,400,300,13.0,3287822.0
GA,400,300,18.0,9.7068726E7
MIMIC,400,300,62.0,2.2428613345E10
RHC,1000,10,10.0,918054.0
SA,1000,10,17.0,3441027.0
GA,1000,10,17.0,5.0716267E7
MIMIC,1000,10,17.0,2.54819191E8
RHC,1000,30,30.0,1185475.0
SA,1000,30,53.0,3673791.0
GA,1000,30,53.0,6.3707259E7
MIMIC,1000,30,53.0,1.262973368E9
RHC,1000,60,60.0,3561545.0
SA,1000,60,60.0,8601191.0
GA,1000,60,88.0,1.46603851E8
MIMIC,1000,60,47.0,3.308506235E9
RHC,1000,100,95.0,2732894.0
SA,1000,100,100.0,4348841.0
GA,1000,100,22.0,2.05512104E8
MIMIC,1000,100,84.0,7.26600716E9
RHC,1000,200,47.0,4505198.0
SA,1000,200,77.0,5759595.0
GA,1000,200,29.0,1.75583788E8
MIMIC,1000,200,83.0,2.6922048926E10
RHC,1000,300,22.0,1.1437666E7
SA,1000,300,28.0,1.2316729E7
GA,1000,300,9.0,3.92016832E8
MIMIC,1000,300,60.0,5.6850687674E10
RHC,10,10,5.0,13391.0
SA,10,10,3.0,20480.0
GA,10,10,17.0,589193.0
MIMIC,10,10,17.0,2929422.0
RHC,10,30,2.0,11816.0
SA,10,30,0.0,20480.0
GA,10,30,15.0,728220.0
MIMIC,10,30,41.0,1.2775165E7
RHC,10,60,2.0,20086.0
SA,10,60,0.0,27569.0
GA,10,60,15.0,984613.0
MIMIC,10,60,21.0,4.011631E7
RHC,10,100,1.0,31114.0
SA,10,100,1.0,37415.0
GA,10,100,9.0,1393819.0
MIMIC,10,100,15.0,1.04150067E8
RHC,10,200,0.0,57502.0
SA,10,200,2.0,61046.0
GA,10,200,10.0,2410728.0
MIMIC,10,200,19.0,3.82757525E8
RHC,10,300,4.0,79557.0
SA,10,300,8.0,87828.0
GA,10,300,8.0,3272461.0
MIMIC,10,300,30.0,8.42047098E8
RHC,30,10,10.0,30326.0
SA,30,10,0.0,53563.0
GA,30,10,17.0,1626976.0
MIMIC,30,10,16.0,7919444.0
RHC,30,30,18.0,36234.0
SA,30,30,3.0,59470.0
GA,30,30,42.0,1929055.0
MIMIC,30,30,44.0,3.4521342E7
RHC,30,60,14.0,57108.0
SA,30,60,0.0,80738.0
GA,30,60,13.0,2465078.0
MIMIC,30,60,85.0,9.1642324E7
RHC,30,100,4.0,82314.0
SA,30,100,1.0,100825.0
GA,30,100,15.0,3389827.0
MIMIC,30,100,22.0,2.24602581E8
RHC,30,200,5.0,139027.0
SA,30,200,0.0,166990.0
GA,30,200,11.0,5752113.0
MIMIC,30,200,18.0,8.81953489E8
RHC,30,300,3.0,352097.0
SA,30,300,1.0,419445.0
GA,30,300,10.0,1.4721549E7
MIMIC,30,300,20.0,2.746590382E9
RHC,60,10,10.0,91766.0
SA,60,10,10.0,175262.0
GA,60,10,17.0,5158587.0
MIMIC,60,10,14.0,2.3991884E7
RHC,60,30,25.0,102006.0
SA,60,30,6.0,168172.0
GA,60,30,40.0,5332274.0
MIMIC,60,30,43.0,1.10418512E8
RHC,60,60,13.0,200073.0
SA,60,60,1.0,295384.0
GA,60,60,77.0,1.004109E7
MIMIC,60,60,76.0,3.25764937E8
RHC,60,100,12.0,222129.0
SA,60,100,3.0,290657.0
GA,60,100,10.0,9757127.0
MIMIC,60,100,16.0,4.94708883E8
RHC,60,200,3.0,284357.0
SA,60,200,0.0,325317.0
GA,60,200,12.0,1.0744498E7
MIMIC,60,200,11.0,1.933652401E9
RHC,60,300,4.0,657328.0
SA,60,300,1.0,704983.0
GA,60,300,10.0,2.2509844E7
MIMIC,60,300,38.0,3.844866638E9
RHC,100,10,10.0,172898.0
SA,100,10,17.0,415901.0
GA,100,10,17.0,9005670.0
MIMIC,100,10,17.0,4.1783065E7
RHC,100,30,30.0,186289.0
SA,100,30,21.0,356824.0
GA,100,30,41.0,9917816.0
MIMIC,100,30,43.0,1.46347851E8
RHC,100,60,20.0,197711.0
SA,100,60,13.0,333981.0
GA,100,60,22.0,9970198.0
MIMIC,100,60,20.0,3.15850271E8
RHC,100,100,19.0,269784.0
SA,100,100,4.0,319802.0
GA,100,100,16.0,1.0413274E7
MIMIC,100,100,17.0,9.2644109E8
RHC,100,200,8.0,504909.0
SA,100,200,5.0,625033.0
GA,100,200,10.0,2.0554007E7
MIMIC,100,200,16.0,2.961221583E9
RHC,100,300,7.0,1228797.0
SA,100,300,2.0,1354435.0
GA,100,300,9.0,4.3286767E7
MIMIC,100,300,26.0,7.351145913E9
RHC,200,10,10.0,378486.0
SA,200,10,17.0,1217376.0
GA,200,10,17.0,2.220737E7
MIMIC,200,10,17.0,1.10723348E8
RHC,200,30,30.0,519876.0
SA,200,30,30.0,1299296.0
GA,200,30,41.0,2.8514805E7
MIMIC,200,30,52.0,2.96973258E8
RHC,200,60,54.0,416689.0
SA,200,60,39.0,782571.0
GA,200,60,80.0,1.9649738E7
MIMIC,200,60,25.0,5.76126585E8
RHC,200,100,29.0,505304.0
SA,200,100,17.0,672294.0
GA,200,100,14.0,2.0364173E7
MIMIC,200,100,24.0,1.470817825E9
RHC,200,200,5.0,1130337.0
SA,200,200,4.0,1417844.0
GA,200,200,13.0,4.9630435E7
MIMIC,200,200,38.0,6.062817169E9
RHC,200,300,6.0,1431628.0
SA,200,300,8.0,1560415.0
GA,200,300,12.0,4.7934537E7
MIMIC,200,300,44.0,1.072529122E10
RHC,400,10,10.0,343434.0
SA,400,10,10.0,1248884.0
GA,400,10,17.0,2.0525256E7
MIMIC,400,10,17.0,1.05169339E8
RHC,400,30,30.0,469463.0
SA,400,30,53.0,1403665.0
GA,400,30,53.0,2.4234099E7
MIMIC,400,30,50.0,3.86648324E8
RHC,400,60,60.0,678596.0
SA,400,60,60.0,1381610.0
GA,400,60,81.0,3.0029534E7
MIMIC,400,60,52.0,1.034177515E9
RHC,400,100,49.0,4375230.0
SA,400,100,37.0,1330804.0
GA,400,100,16.0,3.9977283E7
MIMIC,400,100,34.0,3.160813007E9
RHC,400,200,37.0,2319749.0
SA,400,200,30.0,2977866.0
GA,400,200,14.0,9.9369965E7
MIMIC,400,200,44.0,9.590356221E9
RHC,400,300,19.0,4580423.0
SA,400,300,26.0,5409468.0
GA,400,300,15.0,1.67447728E8
MIMIC,400,300,39.0,2.4507476959E10
RHC,1000,10,17.0,1319776.0
SA,1000,10,17.0,5208212.0
GA,1000,10,17.0,6.9744123E7
MIMIC,1000,10,17.0,4.71325491E8
RHC,1000,30,53.0,1771123.0
SA,1000,30,30.0,5229874.0
GA,1000,30,53.0,8.7916546E7
MIMIC,1000,30,30.0,1.264084799E9
RHC,1000,60,60.0,1780969.0
SA,1000,60,60.0,4041248.0
GA,1000,60,51.0,7.5119325E7
MIMIC,1000,60,56.0,3.465207889E9
RHC,1000,100,100.0,4373260.0
SA,1000,100,82.0,6945858.0
GA,1000,100,25.0,1.63358825E8
MIMIC,1000,100,85.0,7.173999347E9
RHC,1000,200,50.0,7887543.0
SA,1000,200,57.0,9479073.0
GA,1000,200,17.0,3.17368546E8
MIMIC,1000,200,70.0,2.7686071301E10
RHC,1000,300,51.0,7237698.0
SA,1000,300,55.0,8158115.0
GA,1000,300,13.0,3.40136357E8
MIMIC,1000,300,107.0,5.4821610457E10
RHC,10,10,10.0,24025.0
SA,10,10,0.0,36628.0
GA,10,10,17.0,1084257.0
MIMIC,10,10,17.0,5392138.0
RHC,10,30,10.0,23237.0
SA,10,30,0.0,37809.0
GA,10,30,43.0,1346952.0
MIMIC,10,30,8.0,2.2531899E7
RHC,10,60,8.0,30326.0
SA,10,60,0.0,42929.0
GA,10,60,16.0,1583653.0
MIMIC,10,60,11.0,6.7121112E7
RHC,10,100,4.0,44505.0
SA,10,100,0.0,55139.0
GA,10,100,9.0,2168907.0
MIMIC,10,100,20.0,1.38412259E8
RHC,10,200,1.0,66954.0
SA,10,200,1.0,79951.0
GA,10,200,8.0,3010161.0
MIMIC,10,200,15.0,4.16222573E8
RHC,10,300,2.0,80344.0
SA,10,300,2.0,86646.0
GA,10,300,15.0,3289792.0
MIMIC,10,300,16.0,8.58047858E8
RHC,30,10,10.0,30326.0
SA,30,10,2.0,52775.0
GA,30,10,17.0,1643124.0
MIMIC,30,10,17.0,8102189.0
RHC,30,30,10.0,34658.0
SA,30,30,0.0,58289.0
GA,30,30,47.0,1958200.0
MIMIC,30,30,42.0,3.2015303E7
RHC,30,60,14.0,57108.0
SA,30,60,9.0,81132.0
GA,30,60,11.0,2482014.0
MIMIC,30,60,20.0,9.3753336E7
RHC,30,100,5.0,81920.0
SA,30,100,3.0,99249.0
GA,30,100,14.0,3388646.0
MIMIC,30,100,17.0,2.32364487E8
RHC,30,200,6.0,144148.0
SA,30,200,4.0,167384.0
GA,30,200,12.0,5783226.0
MIMIC,30,200,17.0,8.28535836E8
RHC,30,300,2.0,226461.0
SA,30,300,3.0,233944.0
GA,30,300,14.0,7614214.0
MIMIC,30,300,16.0,2.391427638E9
RHC,60,10,10.0,56714.0
SA,60,10,17.0,106732.0
GA,60,10,17.0,3189754.0
MIMIC,60,10,17.0,1.5753425E7
RHC,60,30,30.0,79163.0
SA,60,30,3.0,116184.0
GA,60,30,44.0,3735624.0
MIMIC,60,30,53.0,6.1437922E7
RHC,60,60,9.0,97674.0
SA,60,60,10.0,147299.0
GA,60,60,13.0,4710391.0
MIMIC,60,60,14.0,1.76936252E8
RHC,60,100,3.0,156751.0
SA,60,100,5.0,196529.0
GA,60,100,12.0,6359029.0
MIMIC,60,100,16.0,6.43317407E8
RHC,60,200,2.0,341858.0
SA,60,200,4.0,403298.0
GA,60,200,12.0,1.3805859E7
MIMIC,60,200,22.0,2.165119313E9
RHC,60,300,3.0,524208.0
SA,60,300,2.0,591556.0
GA,60,300,11.0,2.2549227E7
MIMIC,60,300,28.0,4.118257218E9
RHC,100,10,10.0,192984.0
SA,100,10,10.0,491913.0
GA,100,10,17.0,1.1186393E7
MIMIC,100,10,17.0,5.4868185E7
RHC,100,30,26.0,239065.0
SA,100,30,22.0,465920.0
GA,100,30,47.0,1.3132776E7
MIMIC,100,30,48.0,1.73386129E8
RHC,100,60,31.0,247729.0
SA,100,60,10.0,393451.0
GA,100,60,13.0,1.2250563E7
MIMIC,100,60,18.0,3.54341969E8
RHC,100,100,11.0,278843.0
SA,100,100,15.0,333981.0
GA,100,100,12.0,1.0975686E7
MIMIC,100,100,22.0,9.54441534E8
RHC,100,200,12.0,786903.0
SA,100,200,2.0,906632.0
GA,100,200,16.0,3.3512309E7
MIMIC,100,200,32.0,2.598928662E9
RHC,100,300,5.0,698682.0
SA,100,300,4.0,780208.0
GA,100,300,8.0,2.2678409E7
MIMIC,100,300,33.0,6.084028503E9
RHC,200,10,17.0,187864.0
SA,200,10,17.0,578165.0
GA,200,10,17.0,1.0334899E7
MIMIC,200,10,17.0,5.5089133E7
RHC,200,30,30.0,246154.0
SA,200,30,30.0,594313.0
GA,200,30,43.0,1.2055216E7
MIMIC,200,30,50.0,1.9200478E8
RHC,200,60,52.0,329255.0
SA,200,60,17.0,552172.0
GA,200,60,79.0,1.8050331E7
MIMIC,200,60,26.0,5.48284075E8
RHC,200,100,26.0,506879.0
SA,200,100,23.0,660478.0
GA,200,100,13.0,2.4210862E7
MIMIC,200,100,29.0,1.816412879E9
RHC,200,200,6.0,886153.0
SA,200,200,16.0,1097648.0
GA,200,200,14.0,3.6810372E7
MIMIC,200,200,37.0,4.766204673E9
RHC,200,300,15.0,1398545.0
SA,200,300,13.0,1595862.0
GA,200,300,21.0,4.4463576E7
MIMIC,200,300,42.0,1.1284731754E10
RHC,400,10,10.0,346190.0
SA,400,10,17.0,1299296.0
GA,400,10,17.0,2.0379927E7
MIMIC,400,10,17.0,1.05313881E8
RHC,400,30,30.0,473796.0
SA,400,30,53.0,1403272.0
GA,400,30,53.0,2.7601478E7
MIMIC,400,30,49.0,3.86454946E8
RHC,400,60,59.0,681353.0
SA,400,60,60.0,1400514.0
GA,400,60,24.0,2.9605363E7
MIMIC,400,60,26.0,1.796542588E9
RHC,400,100,60.0,1332773.0
SA,400,100,38.0,1981437.0
GA,400,100,21.0,7.1312415E7
MIMIC,400,100,30.0,2.970088619E9
RHC,400,200,14.0,1794753.0
SA,400,200,11.0,2157485.0
GA,400,200,27.0,7.0662176E7
MIMIC,400,200,45.0,1.2495016083E10
RHC,400,300,4.0,3179908.0
SA,400,300,16.0,3624560.0
GA,400,300,14.0,1.05871172E8
MIMIC,400,300,31.0,2.0983663684E10
RHC,1000,10,17.0,868429.0
SA,1000,10,10.0,3320511.0
GA,1000,10,17.0,6.620739E7
MIMIC,1000,10,17.0,5.46494835E8
RHC,1000,30,30.0,2492254.0
SA,1000,30,30.0,7887149.0
GA,1000,30,53.0,1.33599862E8
MIMIC,1000,30,30.0,1.224662051E9
RHC,1000,60,60.0,1823505.0
SA,1000,60,60.0,4013285.0
GA,1000,60,36.0,7.5339879E7
MIMIC,1000,60,98.0,3.794956179E9
RHC,1000,100,82.0,2594260.0
SA,1000,100,97.0,4226750.0
GA,1000,100,26.0,1.54485486E8
MIMIC,1000,100,55.0,7.594336424E9
RHC,1000,200,68.0,4583574.0
SA,1000,200,43.0,5554402.0
GA,1000,200,16.0,1.72800482E8
MIMIC,1000,200,71.0,2.6931260971E10
RHC,1000,300,23.0,6989575.0
SA,1000,300,48.0,8001759.0
GA,1000,300,14.0,2.26679722E8
MIMIC,1000,300,89.0,5.4333468554E10
RHC,10,10,10.0,19298.0
SA,10,10,3.0,28751.0
GA,10,10,17.0,841648.0
MIMIC,10,10,17.0,3890799.0
RHC,10,30,5.0,15360.0
SA,10,30,0.0,27175.0
GA,10,30,39.0,935383.0
MIMIC,10,30,43.0,1.6641546E7
RHC,10,60,0.0,24813.0
SA,10,60,0.0,34264.0
GA,10,60,8.0,1254004.0
MIMIC,10,60,15.0,5.2682344E7
RHC,10,100,3.0,37415.0
SA,10,100,3.0,47262.0
GA,10,100,14.0,1753794.0
MIMIC,10,100,24.0,1.52160223E8
RHC,10,200,0.0,98855.0
SA,10,200,1.0,109883.0
GA,10,200,7.0,4745050.0
MIMIC,10,200,21.0,5.81105185E8
RHC,10,300,1.0,86646.0
SA,10,300,1.0,91372.0
GA,10,300,9.0,3506406.0
MIMIC,10,300,19.0,8.4830806E8
RHC,30,10,10.0,30720.0
SA,30,10,13.0,53957.0
GA,30,10,17.0,1638397.0
MIMIC,30,10,16.0,1.1134798E7
RHC,30,30,19.0,35446.0
SA,30,30,1.0,59865.0
GA,30,30,41.0,1934569.0
MIMIC,30,30,45.0,3.2103524E7
RHC,30,60,12.0,63015.0
SA,30,60,2.0,81526.0
GA,30,60,9.0,2468623.0
MIMIC,30,60,22.0,9.3611157E7
RHC,30,100,10.0,81526.0
SA,30,100,0.0,104763.0
GA,30,100,15.0,3391404.0
MIMIC,30,100,30.0,2.26108251E8
RHC,30,200,6.0,152419.0
SA,30,200,5.0,155569.0
GA,30,200,10.0,5761959.0
MIMIC,30,200,16.0,8.27273168E8
RHC,30,300,6.0,234732.0
SA,30,300,1.0,244579.0
GA,30,300,9.0,7647691.0
MIMIC,30,300,18.0,2.349367701E9
RHC,60,10,10.0,57895.0
SA,60,10,10.0,106732.0
GA,60,10,17.0,3208659.0
MIMIC,60,10,17.0,1.5298927E7
RHC,60,30,22.0,71286.0
SA,60,30,8.0,120517.0
GA,60,30,43.0,3710418.0
MIMIC,60,30,45.0,5.8620352E7
RHC,60,60,6.0,103975.0
SA,60,60,1.0,146511.0
GA,60,60,18.0,4742687.0
MIMIC,60,60,10.0,1.79425356E8
RHC,60,100,4.0,155175.0
SA,60,100,5.0,188652.0
GA,60,100,22.0,6391718.0
MIMIC,60,100,37.0,4.87600761E8
RHC,60,200,5.0,447015.0
SA,60,200,0.0,643149.0
GA,60,200,15.0,2.0586696E7
MIMIC,60,200,20.0,2.342037055E9
RHC,60,300,2.0,705771.0
SA,60,300,6.0,812110.0
GA,60,300,11.0,2.7060333E7
MIMIC,60,300,24.0,3.91312557E9
RHC,100,10,10.0,166203.0
SA,100,10,10.0,386363.0
GA,100,10,17.0,8132121.0
MIMIC,100,10,17.0,3.8785112E7
RHC,100,30,22.0,174474.0
SA,100,30,25.0,356824.0
GA,100,30,41.0,1.6183897E7
MIMIC,100,30,51.0,2.0626868E8
RHC,100,60,17.0,269390.0
SA,100,60,9.0,428504.0
GA,100,60,74.0,1.7754553E7
MIMIC,100,60,24.0,4.11249486E8
RHC,100,100,12.0,269784.0
SA,100,100,9.0,377304.0
GA,100,100,20.0,1.1952815E7
MIMIC,100,100,29.0,1.016779785E9
RHC,100,200,3.0,765242.0
SA,100,200,3.0,902300.0
GA,100,200,12.0,3.3329565E7
MIMIC,100,200,39.0,3.456605123E9
RHC,100,300,5.0,716405.0
SA,100,300,9.0,784934.0
GA,100,300,7.0,2.2754815E7
MIMIC,100,300,23.0,6.318492186E9
RHC,200,10,10.0,173292.0
SA,200,10,17.0,610461.0
GA,200,10,17.0,1.0243921E7
MIMIC,200,10,17.0,5.0889166E7
RHC,200,30,30.0,230793.0
SA,200,30,30.0,632122.0
GA,200,30,52.0,1.2397073E7
MIMIC,200,30,46.0,1.97409914E8
RHC,200,60,17.0,289871.0
SA,200,60,32.0,572257.0
GA,200,60,77.0,1.5160293E7
MIMIC,200,60,27.0,5.51532512E8
RHC,200,100,13.0,506485.0
SA,200,100,18.0,660085.0
GA,200,100,26.0,2.3436956E7
MIMIC,200,100,28.0,1.992212493E9
RHC,200,200,13.0,1177598.0
SA,200,200,11.0,1368613.0
GA,200,200,10.0,5.1434248E7
MIMIC,200,200,17.0,5.519440803E9
RHC,200,300,8.0,1559628.0
SA,200,300,14.0,1817990.0
GA,200,300,11.0,5.5549932E7
MIMIC,200,300,41.0,1.2222124899E10
RHC,400,10,17.0,349341.0
SA,400,10,17.0,1248490.0
GA,400,10,17.0,2.0531164E7
MIMIC,400,10,17.0,1.04685697E8
RHC,400,30,30.0,470251.0
SA,400,30,30.0,1363887.0
GA,400,30,53.0,2.4317988E7
MIMIC,400,30,53.0,3.80907238E8
RHC,400,60,60.0,638423.0
SA,400,60,60.0,1415481.0
GA,400,60,33.0,3.0237879E7
MIMIC,400,60,35.0,1.056070596E9
RHC,400,100,23.0,999974.0
SA,400,100,46.0,1503308.0
GA,400,100,17.0,3.9943806E7
MIMIC,400,100,41.0,2.747235107E9
RHC,400,200,40.0,1802237.0
SA,400,200,25.0,2068083.0
GA,400,200,21.0,6.7563006E7
MIMIC,400,200,46.0,9.424243629E9
RHC,400,300,18.0,3828572.0
SA,400,300,26.0,4073938.0
GA,400,300,15.0,1.62809016E8
MIMIC,400,300,47.0,2.2774691254E10
RHC,1000,10,10.0,887334.0
SA,1000,10,17.0,3399280.0
GA,1000,10,17.0,5.5255336E7
MIMIC,1000,10,17.0,2.53135108E8
RHC,1000,30,30.0,1197291.0
SA,1000,30,30.0,3593446.0
GA,1000,30,53.0,6.0739634E7
MIMIC,1000,30,53.0,1.306530312E9
RHC,1000,60,60.0,3077508.0
SA,1000,60,107.0,7391692.0
GA,1000,60,95.0,1.22085789E8
MIMIC,1000,60,49.0,3.533974881E9
RHC,1000,100,84.0,3928609.0
SA,1000,100,81.0,6355878.0
GA,1000,100,30.0,1.91750355E8
MIMIC,1000,100,57.0,8.097129379E9
RHC,1000,200,59.0,7905660.0
SA,1000,200,61.0,1.0375465E7
GA,1000,200,18.0,3.25538475E8
MIMIC,1000,200,68.0,2.5669008341E10
RHC,1000,300,39.0,9494826.0
SA,1000,300,34.0,1.0956387E7
GA,1000,300,25.0,3.94713097E8
MIMIC,1000,300,73.0,5.8502958764E10
RHC,10,10,10.0,24024.0
SA,10,10,4.0,34659.0
GA,10,10,17.0,1009426.0
MIMIC,10,10,17.0,5106600.0
RHC,10,30,3.0,21268.0
SA,10,30,0.0,36627.0
GA,10,30,45.0,1258336.0
MIMIC,10,30,43.0,2.2503542E7
RHC,10,60,4.0,31508.0
SA,10,60,3.0,44899.0
GA,10,60,10.0,1677388.0
MIMIC,10,60,18.0,6.1814832E7
RHC,10,100,4.0,42535.0
SA,10,100,0.0,51200.0
GA,10,100,15.0,5813947.0
MIMIC,10,100,14.0,2.14838364E8
RHC,10,200,1.0,97280.0
SA,10,200,2.0,108701.0
GA,10,200,9.0,4709604.0
MIMIC,10,200,20.0,5.25089334E8
RHC,10,300,2.0,86646.0
SA,10,300,0.0,89797.0
GA,10,300,7.0,3500499.0
MIMIC,10,300,16.0,1.23318526E9
RHC,30,10,10.0,56320.0
SA,30,10,0.0,98461.0
GA,30,10,17.0,3058210.0
MIMIC,30,10,17.0,1.4528565E7
RHC,30,30,11.0,62228.0
SA,30,30,6.0,108702.0
GA,30,30,40.0,3556818.0
MIMIC,30,30,47.0,5.2945826E7
RHC,30,60,9.0,90584.0
SA,30,60,3.0,123273.0
GA,30,60,11.0,3955390.0
MIMIC,30,60,17.0,1.43429457E8
RHC,30,100,5.0,101612.0
SA,30,100,1.0,120122.0
GA,30,100,13.0,4268103.0
MIMIC,30,100,13.0,2.71187015E8
RHC,30,200,1.0,140996.0
SA,30,200,1.0,165415.0
GA,30,200,15.0,5782045.0
MIMIC,30,200,17.0,1.004121987E9
RHC,30,300,6.0,278055.0
SA,30,300,1.0,298928.0
GA,30,300,11.0,1.4010264E7
MIMIC,30,300,34.0,2.369597573E9
RHC,60,10,10.0,120911.0
SA,60,10,8.0,231187.0
GA,60,10,17.0,6844640.0
MIMIC,60,10,17.0,3.3326021E7
RHC,60,30,30.0,171323.0
SA,60,30,5.0,248122.0
GA,60,30,44.0,8043505.0
MIMIC,60,30,51.0,1.20227233E8
RHC,60,60,9.0,154388.0
SA,60,60,7.0,265451.0
GA,60,60,22.0,8705166.0
MIMIC,60,60,18.0,2.54985001E8
RHC,60,100,23.0,179987.0
SA,60,100,3.0,238276.0
GA,60,100,12.0,7970251.0
MIMIC,60,100,19.0,7.58566041E8
RHC,60,200,3.0,398178.0
SA,60,200,0.0,506091.0
GA,60,200,8.0,1.9363412E7
MIMIC,60,200,21.0,2.249682659E9
RHC,60,300,3.0,704590.0
SA,60,300,1.0,806202.0
GA,60,300,11.0,2.7054032E7
MIMIC,60,300,18.0,4.299240232E9
RHC,100,10,10.0,90584.0
SA,100,10,10.0,231975.0
GA,100,10,17.0,5236176.0
MIMIC,100,10,17.0,2.5672423E7
RHC,100,30,24.0,116972.0
SA,100,30,23.0,230005.0
GA,100,30,43.0,9304599.0
MIMIC,100,30,42.0,9.7875322E7
RHC,100,60,20.0,153994.0
SA,100,60,16.0,251667.0
GA,100,60,21.0,7730792.0
MIMIC,100,60,81.0,4.80360306E8
RHC,100,100,28.0,329255.0
SA,100,100,7.0,434412.0
GA,100,100,15.0,1.4271384E7
MIMIC,100,100,20.0,9.32945055E8
RHC,100,200,7.0,1551751.0
SA,100,200,4.0,1711259.0
GA,100,200,15.0,3.3203535E7
MIMIC,100,200,18.0,3.23466927E9
RHC,100,300,10.0,711285.0
SA,100,300,5.0,777057.0
GA,100,300,7.0,2.283319E7
MIMIC,100,300,24.0,5.741685036E9
RHC,200,10,17.0,179199.0
SA,200,10,10.0,571470.0
GA,200,10,17.0,1.0244708E7
MIMIC,200,10,17.0,5.3525567E7
RHC,200,30,30.0,233944.0
SA,200,30,53.0,607704.0
GA,200,30,51.0,1.218676E7
MIMIC,200,30,47.0,3.11827533E8
RHC,200,60,35.0,617944.0
SA,200,60,18.0,1001155.0
GA,200,60,28.0,3.3978623E7
MIMIC,200,60,22.0,9.18252649E8
RHC,200,100,21.0,545870.0
SA,200,100,18.0,754214.0
GA,200,100,11.0,3.4480776E7
MIMIC,200,100,37.0,1.752776906E9
RHC,200,200,18.0,902300.0
SA,200,200,4.0,1021635.0
GA,200,200,11.0,3.7693767E7
MIMIC,200,200,23.0,5.914236214E9
RHC,200,300,6.0,1534028.0
SA,200,300,17.0,1669117.0
GA,200,300,12.0,4.8033391E7
MIMIC,200,300,22.0,1.2294971342E10
RHC,400,10,10.0,285144.0
SA,400,10,10.0,1052749.0
GA,400,10,17.0,1.7307933E7
MIMIC,400,10,17.0,8.3666953E7
RHC,400,30,30.0,402116.0
SA,400,30,30.0,1139789.0
GA,400,30,47.0,2.0183792E7
MIMIC,400,30,53.0,7.3269512E8
RHC,400,60,60.0,1070472.0
SA,400,60,54.0,2214593.0
GA,400,60,19.0,5.0529191E7
MIMIC,400,60,35.0,1.306542915E9
RHC,400,100,49.0,1380035.0
SA,400,100,36.0,1987344.0
GA,400,100,11.0,7.6691557E7
MIMIC,400,100,43.0,3.541327976E9
RHC,400,200,24.0,2437510.0
SA,400,200,46.0,3203538.0
GA,400,200,16.0,1.00822467E8
MIMIC,400,200,60.0,1.1310029235E10
RHC,400,300,21.0,4542614.0
SA,400,300,33.0,5408680.0
GA,400,300,17.0,1.60970546E8
MIMIC,400,300,67.0,2.1984855855E10
RHC,1000,10,17.0,860553.0
SA,1000,10,17.0,3390221.0
GA,1000,10,17.0,5.0761165E7
MIMIC,1000,10,17.0,2.58606016E8
RHC,1000,30,30.0,1179960.0
SA,1000,30,30.0,3643071.0
GA,1000,30,53.0,6.0699462E7
MIMIC,1000,30,30.0,9.85927902E8
RHC,1000,60,60.0,3120044.0
SA,1000,60,60.0,5876962.0
GA,1000,60,36.0,1.59558215E8
MIMIC,1000,60,46.0,3.739801667E9
RHC,1000,100,95.0,2820327.0
SA,1000,100,100.0,4316152.0
GA,1000,100,19.0,1.01482553E8
MIMIC,1000,100,61.0,7.871969113E9
RHC,1000,200,69.0,4678490.0
SA,1000,200,51.0,5532741.0
GA,1000,200,15.0,2.36963026E8
MIMIC,1000,200,61.0,2.8603197946E10
RHC,1000,300,29.0,9509005.0
SA,1000,300,18.0,1.5912932E7
GA,1000,300,18.0,4.23800159E8
MIMIC,1000,300,84.0,5.9688997573E10
RHC,10,10,6.0,13391.0
SA,10,10,0.0,20087.0
GA,10,10,17.0,579346.0
MIMIC,10,10,16.0,2916032.0
RHC,10,30,4.0,12603.0
SA,10,30,1.0,20874.0
GA,10,30,39.0,731765.0
MIMIC,10,30,44.0,1.278186E7
RHC,10,60,2.0,20087.0
SA,10,60,1.0,27963.0
GA,10,60,13.0,970436.0
MIMIC,10,60,12.0,4.0929995E7
RHC,10,100,5.0,32295.0
SA,10,100,2.0,38597.0
GA,10,100,12.0,1385154.0
MIMIC,10,100,13.0,1.04129588E8
RHC,10,200,0.0,61046.0
SA,10,200,3.0,63016.0
GA,10,200,11.0,2413485.0
MIMIC,10,200,25.0,3.73063413E8
RHC,10,300,0.0,82707.0
SA,10,300,1.0,84677.0
GA,10,300,9.0,3288610.0
MIMIC,10,300,16.0,9.82668437E8
RHC,30,10,10.0,56320.0
SA,30,10,3.0,99249.0
GA,30,10,17.0,2988106.0
MIMIC,30,10,17.0,1.489366E7
RHC,30,30,48.0,70104.0
SA,30,30,0.0,107913.0
GA,30,30,39.0,3537126.0
MIMIC,30,30,43.0,5.8509681E7
RHC,30,60,9.0,92948.0
SA,30,60,4.0,136664.0
GA,30,60,11.0,4302368.0
MIMIC,30,60,13.0,1.46571161E8
RHC,30,100,6.0,106732.0
SA,30,100,3.0,132332.0
GA,30,100,15.0,8943443.0
MIMIC,30,100,22.0,4.384583E8
RHC,30,200,10.0,182350.0
SA,30,200,3.0,211889.0
GA,30,200,10.0,7776479.0
MIMIC,30,200,24.0,1.130297861E9
RHC,30,300,0.0,256393.0
SA,30,300,0.0,281600.0
GA,30,300,8.0,1.1797641E7
MIMIC,30,300,29.0,1.82476004E9
RHC,60,10,10.0,56713.0
SA,60,10,17.0,107520.0
GA,60,10,17.0,3162579.0
MIMIC,60,10,17.0,1.5597462E7
RHC,60,30,18.0,71286.0
SA,60,30,4.0,115397.0
GA,60,30,51.0,3762406.0
MIMIC,60,30,44.0,5.9880263E7
RHC,60,60,9.0,94129.0
SA,60,60,7.0,154387.0
GA,60,60,14.0,4719450.0
MIMIC,60,60,11.0,1.78148115E8
RHC,60,100,11.0,156357.0
SA,60,100,5.0,199680.0
GA,60,100,19.0,6395263.0
MIMIC,60,100,15.0,4.19610432E8
RHC,60,200,6.0,287507.0
SA,60,200,2.0,315864.0
GA,60,200,10.0,1.0781913E7
MIMIC,60,200,25.0,1.71132349E9
RHC,60,300,8.0,723101.0
SA,60,300,2.0,824319.0
GA,60,300,12.0,2.7028432E7
MIMIC,60,300,22.0,4.899877002E9
RHC,100,10,10.0,90190.0
SA,100,10,17.0,230794.0
GA,100,10,17.0,5167252.0
MIMIC,100,10,17.0,2.5354983E7
RHC,100,30,30.0,116185.0
SA,100,30,44.0,225673.0
GA,100,30,43.0,6168802.0
MIMIC,100,30,46.0,9.8787862E7
RHC,100,60,20.0,157538.0
SA,100,60,4.0,238277.0
GA,100,60,18.0,7672503.0
MIMIC,100,60,18.0,5.09122445E8
RHC,100,100,13.0,427323.0
SA,100,100,7.0,648663.0
GA,100,100,24.0,2.0652862E7
MIMIC,100,100,28.0,1.024682295E9
RHC,100,200,16.0,794386.0
SA,100,200,11.0,953106.0
GA,100,200,12.0,3.3169665E7
MIMIC,100,200,21.0,3.081512618E9
RHC,100,300,15.0,719162.0
SA,100,300,2.0,780602.0
GA,100,300,11.0,2.6373861E7
MIMIC,100,300,29.0,7.17574487E9
RHC,200,10,10.0,177230.0
SA,200,10,10.0,571076.0
GA,200,10,17.0,1.2806673E7
MIMIC,200,10,17.0,5.0967541E7
RHC,200,30,30.0,228824.0
SA,200,30,30.0,542325.0
GA,200,30,48.0,1.213241E7
MIMIC,200,30,45.0,2.49364826E8
RHC,200,60,39.0,710891.0
SA,200,60,25.0,1136638.0
GA,200,60,35.0,3.2840803E7
MIMIC,200,60,21.0,9.13171256E8
RHC,200,100,19.0,536418.0
SA,200,100,14.0,716011.0
GA,200,100,15.0,2.1837943E7
MIMIC,200,100,30.0,1.736457526E9
RHC,200,200,7.0,876700.0
SA,200,200,7.0,1020847.0
GA,200,200,18.0,5.9497052E7
MIMIC,200,200,43.0,4.870685965E9
RHC,200,300,23.0,5135351.0
SA,200,300,4.0,1586410.0
GA,200,300,9.0,4.4377325E7
MIMIC,200,300,38.0,1.2851609272E10
RHC,400,10,17.0,780208.0
SA,400,10,10.0,2740770.0
GA,400,10,17.0,4.3881867E7
MIMIC,400,10,17.0,2.12818725E8
RHC,400,30,30.0,1018878.0
SA,400,30,53.0,2857349.0
GA,400,30,53.0,5.2872965E7
MIMIC,400,30,30.0,6.9174622E8
RHC,400,60,60.0,905057.0
SA,400,60,60.0,1845953.0
GA,400,60,78.0,3.9715376E7
MIMIC,400,60,42.0,1.090125231E9
RHC,400,100,27.0,1009033.0
SA,400,100,36.0,1374914.0
GA,400,100,28.0,4.0511337E7
MIMIC,400,100,32.0,3.666124998E9
RHC,400,200,59.0,5063671.0
SA,400,200,25.0,3866381.0
GA,400,200,13.0,1.2788674E8
MIMIC,400,200,50.0,1.1463404471E10
RHC,400,300,16.0,2873496.0
SA,400,300,8.0,3212203.0
GA,400,300,14.0,1.3548835E8
MIMIC,400,300,47.0,2.1212626922E10
RHC,1000,10,10.0,1305598.0
SA,1000,10,17.0,5186157.0
GA,1000,10,17.0,8.364096E7
MIMIC,1000,10,17.0,4.67577658E8
RHC,1000,30,30.0,1660452.0
SA,1000,30,53.0,5281074.0
GA,1000,30,53.0,8.000931E7
MIMIC,1000,30,53.0,1.649265261E9
RHC,1000,60,60.0,2065326.0
SA,1000,60,60.0,4779708.0
GA,1000,60,89.0,9.070576E7
MIMIC,1000,60,48.0,2.416933071E9
RHC,1000,100,90.0,2381189.0
SA,1000,100,89.0,3566271.0
GA,1000,100,19.0,1.52781317E8
MIMIC,1000,100,65.0,7.862916181E9
RHC,1000,200,49.0,5418132.0
SA,1000,200,59.0,6777686.0
GA,1000,200,24.0,1.96587565E8
MIMIC,1000,200,80.0,2.7306988748E10
RHC,1000,300,44.0,6586671.0
SA,1000,300,32.0,7154203.0
GA,1000,300,11.0,2.00647718E8
MIMIC,1000,300,85.0,5.5133960625E10
RHC,10,10,10.0,27176.0
SA,10,10,1.0,38203.0
GA,10,10,17.0,1093709.0
MIMIC,10,10,17.0,5462243.0
RHC,10,30,2.0,22055.0
SA,10,30,5.0,39384.0
GA,10,30,48.0,1361524.0
MIMIC,10,30,47.0,2.3792598E7
RHC,10,60,3.0,38203.0
SA,10,60,0.0,51593.0
GA,10,60,9.0,1833745.0
MIMIC,10,60,16.0,7.0968588E7
RHC,10,100,3.0,53169.0
SA,10,100,2.0,62621.0
GA,10,100,14.0,2257916.0
MIMIC,10,100,11.0,1.98094418E8
RHC,10,200,1.0,96492.0
SA,10,200,1.0,112640.0
GA,10,200,8.0,4753321.0
MIMIC,10,200,10.0,5.68875497E8
RHC,10,300,1.0,87040.0
SA,10,300,0.0,87433.0
GA,10,300,15.0,3528068.0
MIMIC,10,300,16.0,8.56762346E8
RHC,30,10,10.0,31113.0
SA,30,10,2.0,54350.0
GA,30,10,17.0,1631702.0
MIMIC,30,10,17.0,7993487.0
RHC,30,30,6.0,34265.0
SA,30,30,1.0,60653.0
GA,30,30,49.0,1916452.0
MIMIC,30,30,7.0,3.2691142E7
RHC,30,60,5.0,57107.0
SA,30,60,1.0,79163.0
GA,30,60,16.0,2469411.0
MIMIC,30,60,14.0,9.598447E7
RHC,30,100,7.0,88221.0
SA,30,100,0.0,100036.0
GA,30,100,16.0,3350837.0
MIMIC,30,100,21.0,2.94360094E8
RHC,30,200,5.0,253242.0
SA,30,200,10.0,289870.0
GA,30,200,10.0,1.1103291E7
MIMIC,30,200,22.0,1.02070485E9
RHC,30,300,1.0,226855.0
SA,30,300,2.0,249304.0
GA,30,300,12.0,7608700.0
MIMIC,30,300,22.0,2.214708789E9
RHC,60,10,17.0,125243.0
SA,60,10,10.0,226855.0
GA,60,10,17.0,6907262.0
MIMIC,60,10,17.0,3.4050302E7
RHC,60,30,30.0,141784.0
SA,60,30,6.0,233157.0
GA,60,30,44.0,7469279.0
MIMIC,60,30,11.0,1.18102437E8
RHC,60,60,16.0,155963.0
SA,60,60,3.0,244578.0
GA,60,60,21.0,8112035.0
MIMIC,60,60,16.0,3.5413008E8
RHC,60,100,15.0,219372.0
SA,60,100,6.0,297747.0
GA,60,100,18.0,1.5456465E7
MIMIC,60,100,11.0,6.74794324E8
RHC,60,200,2.0,270178.0
SA,60,200,1.0,349341.0
GA,60,200,13.0,1.50831E7
MIMIC,60,200,11.0,1.929856912E9
RHC,60,300,5.0,618731.0
SA,60,300,0.0,707741.0
GA,60,300,14.0,2.3737459E7
MIMIC,60,300,25.0,4.245975392E9
RHC,100,10,10.0,168172.0
SA,100,10,17.0,417870.0
GA,100,10,17.0,9611010.0
MIMIC,100,10,17.0,4.6095672E7
RHC,100,30,30.0,197710.0
SA,100,30,49.0,394633.0
GA,100,30,43.0,9793361.0
MIMIC,100,30,53.0,1.57632705E8
RHC,100,60,13.0,225280.0
SA,100,60,16.0,352492.0
GA,100,60,14.0,1.0914246E7
MIMIC,100,60,13.0,3.4956423E8
RHC,100,100,18.0,246941.0
SA,100,100,9.0,324135.0
GA,100,100,9.0,1.0271095E7
MIMIC,100,100,13.0,6.85486046E8
RHC,100,200,7.0,452922.0
SA,100,200,7.0,543901.0
GA,100,200,15.0,1.7368584E7
MIMIC,100,200,28.0,2.879862958E9
RHC,100,300,3.0,814866.0
SA,100,300,2.0,941290.0
GA,100,300,18.0,2.8046522E7
MIMIC,100,300,23.0,6.724214052E9
RHC,200,10,17.0,181562.0
SA,200,10,17.0,578166.0
GA,200,10,17.0,1.0367588E7
MIMIC,200,10,17.0,5.426127E7
RHC,200,30,30.0,233156.0
SA,200,30,30.0,595101.0
GA,200,30,47.0,1.2172975E7
MIMIC,200,30,44.0,1.94682141E8
RHC,200,60,27.0,315076.0
SA,200,60,21.0,555323.0
GA,200,60,83.0,1.5298927E7
MIMIC,200,60,34.0,5.45187268E8
RHC,200,100,8.0,489550.0
SA,200,100,18.0,4190121.0
GA,200,100,16.0,4.0731891E7
MIMIC,200,100,29.0,1.97993515E9
RHC,200,200,8.0,1062595.0
SA,200,200,14.0,1263850.0
GA,200,200,11.0,4.5519476E7
MIMIC,200,200,37.0,5.642986971E9
RHC,200,300,13.0,1800268.0
SA,200,300,10.0,1985375.0
GA,200,300,16.0,8.1644557E7
MIMIC,200,300,22.0,1.2765891565E10
RHC,400,10,10.0,346978.0
SA,400,10,17.0,1269757.0
GA,400,10,17.0,2.4389274E7
MIMIC,400,10,17.0,1.02422267E8
RHC,400,30,30.0,484824.0
SA,400,30,53.0,1387911.0
GA,400,30,53.0,2.4392031E7
MIMIC,400,30,51.0,3.81635459E8
RHC,400,60,51.0,647482.0
SA,400,60,60.0,1383973.0
GA,400,60,76.0,3.3137762E7
MIMIC,400,60,33.0,1.554694697E9
RHC,400,100,36.0,1202804.0
SA,400,100,38.0,1756550.0
GA,400,100,25.0,4.7408753E7
MIMIC,400,100,45.0,3.219448325E9
RHC,400,200,21.0,1954261.0
SA,400,200,27.0,2440267.0
GA,400,200,13.0,9.3561926E7
MIMIC,400,200,60.0,1.2961138875E10
RHC,400,300,18.0,4185396.0
SA,400,300,11.0,4780102.0
GA,400,300,19.0,1.72495251E8
MIMIC,400,300,43.0,2.6418390298E10
RHC,1000,10,10.0,1223284.0
SA,1000,10,17.0,4868717.0
GA,1000,10,17.0,9.4866737E7
MIMIC,1000,10,17.0,5.45497618E8
RHC,1000,30,30.0,2641522.0
SA,1000,30,30.0,7916293.0
GA,1000,30,53.0,1.20326876E8
MIMIC,1000,30,30.0,1.387258391E9
RHC,1000,60,60.0,1747886.0
SA,1000,60,60.0,3984928.0
GA,1000,60,34.0,1.27559454E8
MIMIC,1000,60,59.0,3.565365939E9
RHC,1000,100,100.0,2748648.0
SA,1000,100,100.0,4448090.0
GA,1000,100,21.0,1.02341135E8
MIMIC,1000,100,59.0,6.784485798E9
RHC,1000,200,37.0,6743028.0
SA,1000,200,70.0,9316020.0
GA,1000,200,13.0,2.39729397E8
MIMIC,1000,200,61.0,2.6900329137E10
RHC,1000,300,32.0,7227852.0
SA,1000,300,25.0,7964343.0
GA,1000,300,15.0,3.68031644E8
MIMIC,1000,300,100.0,5.7859612999E10
