Algorithm,Iteration,NumberOfPoints,Evaluation,TrainingTime
RHC,10,10,0.27126191771222946,1.3803096E7
SA,10,10,0.14837709667051413,2516278.0
GA,10,10,0.27281027384390294,2.1763497E7
MIMIC,10,10,0.25554495972534597,7.5250053E7
RHC,10,20,0.1680625990921976,566744.0
SA,10,20,0.08617023390107321,591949.0
GA,10,20,0.2432029532001113,1.4953518E7
MIMIC,10,20,0.17143618261783822,1.1394299E8
RHC,10,30,0.10675988245922648,567531.0
SA,10,30,0.05055921132103755,234338.0
GA,10,30,0.13808405242807564,1.240337E7
MIMIC,10,30,0.08548194898600907,1.75002009E8
RHC,10,40,0.06941786957537809,173292.0
SA,10,40,0.04609754772736658,197316.0
GA,10,40,0.09818917567666574,1.224465E7
MIMIC,10,40,0.06291014742221243,2.25427992E8
RHC,10,50,0.057316472020352345,111064.0
SA,10,50,0.04158633084799155,112640.0
GA,10,50,0.08329186134628197,9711438.0
MIMIC,10,50,0.0538617547517415,3.87816317E8
RHC,10,60,0.04572034683473337,218978.0
SA,10,60,0.03168881205960925,223704.0
GA,10,60,0.07791992936094484,1.9143639E7
MIMIC,10,60,0.044161938990156135,8.73865135E8
RHC,20,10,0.35967235538402553,77981.0
SA,20,10,0.21511539777233332,81526.0
GA,20,10,0.3901541991932595,4533947.0
MIMIC,20,10,0.32012245847116677,1.2055604E7
RHC,20,20,0.14724596837243897,111852.0
SA,20,20,0.0836609573667336,102006.0
GA,20,20,0.20984785306008855,7062828.0
MIMIC,20,20,0.12951092109245996,4.036678E7
RHC,20,30,0.12168548871073931,128000.0
SA,20,30,0.056753814235315427,127212.0
GA,20,30,0.20143801122996416,9003304.0
MIMIC,20,30,0.10061411924014226,1.06004251E8
RHC,20,40,0.08293383996550126,161477.0
SA,20,40,0.0457055319003506,148479.0
GA,20,40,0.13193612934784074,1.1891371E7
MIMIC,20,40,0.07511603543962593,2.59148239E8
RHC,20,50,0.06204945190237654,209525.0
SA,20,50,0.035689684406525014,211888.0
GA,20,50,0.0972642959202353,1.6855397E7
MIMIC,20,50,0.06220321310983344,8.1880123E8
RHC,20,60,0.05917360712573558,252455.0
SA,20,60,0.03337172433379033,255999.0
GA,20,60,0.09100910931095256,2.3211273E7
MIMIC,20,60,0.050950953833015886,1.306725144E9
RHC,30,10,0.34838882204033805,129969.0
SA,30,10,0.21614415608044116,136271.0
GA,30,10,0.34213439239448135,5898621.0
MIMIC,30,10,0.31666387110789285,2.2710695E7
RHC,30,20,0.18821030015911552,166990.0
SA,30,20,0.11931935490930076,179988.0
GA,30,20,0.251553874874132,9707105.0
MIMIC,30,20,0.1916277299602392,1.8267766E8
RHC,30,30,0.108458008173449,445833.0
SA,30,30,0.0748522322742548,480491.0
GA,30,30,0.2015439174858511,3.0643527E7
MIMIC,30,30,0.10554512919114385,3.7016102E8
RHC,30,40,0.10288467577802549,388725.0
SA,30,40,0.039692704826141026,360762.0
GA,30,40,0.1404788735117805,2.3058854E7
MIMIC,30,40,0.08226038473550308,4.60600504E8
RHC,30,50,0.07433825869222138,263089.0
SA,30,50,0.0405022276872168,258363.0
GA,30,50,0.1359392632635008,2.108057E7
MIMIC,30,50,0.06900279137435099,7.17174963E8
RHC,30,60,0.052862712732576825,270966.0
SA,30,60,0.02996997908726103,284356.0
GA,30,60,0.10241601553665848,2.6091463E7
MIMIC,30,60,0.044417551319211025,1.605893579E9
RHC,40,10,0.3250495859763186,109882.0
SA,40,10,0.15728307835905603,129181.0
GA,40,10,0.323020624027853,6250325.0
MIMIC,40,10,0.2580622018852008,1.8567837E7
RHC,40,20,0.1961040977444195,153600.0
SA,40,20,0.10039348687428257,178019.0
GA,40,20,0.2418496679532029,9987129.0
MIMIC,40,20,0.16547416912649074,6.9484551E7
RHC,40,30,0.1224151568329445,200467.0
SA,40,30,0.0572629808422581,223310.0
GA,40,30,0.22856944682750477,1.5727818E7
MIMIC,40,30,0.11835608833597178,1.91546662E8
RHC,40,40,0.09635725203641606,246153.0
SA,40,40,0.05061372300272366,273328.0
GA,40,40,0.15886559091364622,2.0587082E7
MIMIC,40,40,0.0912071001337869,6.27128143E8
RHC,40,50,0.08060295615967661,552958.0
SA,40,50,0.04441577604446479,574227.0
GA,40,50,0.1268529161152866,4.5441477E7
MIMIC,40,50,0.07223619348789274,1.028915728E9
RHC,40,60,0.06580536359612896,338313.0
SA,40,60,0.032730227926093196,349341.0
GA,40,60,0.12744325691958894,3.3428408E7
MIMIC,40,60,0.056827300855393316,1.771058909E9
RHC,50,10,0.32515839864318796,118547.0
SA,50,10,0.18790597310511986,144147.0
GA,50,10,0.3168461002161623,7516538.0
MIMIC,50,10,0.2930814573833326,2.2310155E7
RHC,50,20,0.21344298774450263,189440.0
SA,50,20,0.09298676904425976,194559.0
GA,50,20,0.2561756177192159,1.1793304E7
MIMIC,50,20,0.17688808961617053,8.5208036E7
RHC,50,30,0.13697847513885072,243002.0
SA,50,30,0.06693214762884683,240639.0
GA,50,30,0.1752539273202627,1.9384672E7
MIMIC,50,30,0.10905737717301005,2.39262202E8
RHC,50,40,0.09641758578635802,267814.0
SA,50,40,0.04892817614229032,293021.0
GA,50,40,0.14674264853859803,2.6261999E7
MIMIC,50,40,0.097302218158448,7.17197413E8
RHC,50,50,0.073307073666085,329254.0
SA,50,50,0.03406727535222343,352491.0
GA,50,50,0.13094678517917754,3.3903779E7
MIMIC,50,50,0.06290033894110111,1.430905355E9
RHC,50,60,0.062278262955955635,388331.0
SA,50,60,0.030935442047788766,411568.0
GA,50,60,0.12079158926519183,4.0226571E7
MIMIC,50,60,0.06234932169090412,2.794863312E9
RHC,60,10,0.32779467631727927,257181.0
SA,60,10,0.21706579486882094,528146.0
GA,60,10,0.30746233624232827,1.8916784E7
MIMIC,60,10,0.3024549062604089,5.4964656E7
RHC,60,20,0.1924524141813273,339495.0
SA,60,20,0.08851325393790517,650238.0
GA,60,20,0.2151158523979472,2.8469502E7
MIMIC,60,20,0.16446125400162603,1.65886065E8
RHC,60,30,0.13254340942713236,362338.0
SA,60,30,0.0704768241828104,532873.0
GA,60,30,0.20189075614315982,3.220158E7
MIMIC,60,30,0.12605365812487185,3.29266881E8
RHC,60,40,0.09948959294843003,317440.0
SA,60,40,0.04447757988566793,385574.0
GA,60,40,0.16781338658459255,2.928673E7
MIMIC,60,40,0.09444939208095986,6.84716991E8
RHC,60,50,0.09990388864246261,391088.0
SA,60,50,0.039552207122399985,470645.0
GA,60,50,0.124703926045551,3.9488505E7
MIMIC,60,50,0.08208850237741261,1.399847897E9
RHC,60,60,0.06716479743852799,459618.0
SA,60,60,0.03325066536422667,553352.0
GA,60,60,0.13506960027731882,4.8379957E7
MIMIC,60,60,0.06566022522128331,3.086940562E9
RHC,10,10,0.32400669140755844,25993.0
SA,10,10,0.16710757654310132,35446.0
GA,10,10,0.3730680519400909,1718347.0
MIMIC,10,10,0.27498386454699975,5254684.0
RHC,10,20,0.1497777542475221,33477.0
SA,10,20,0.0916421095113617,42141.0
GA,10,20,0.20265325415821223,2956597.0
MIMIC,10,20,0.17616254138662557,2.0120375E7
RHC,10,30,0.09665998652347822,47655.0
SA,10,30,0.05774301931784504,57107.0
GA,10,30,0.14921767022577775,4368532.0
MIMIC,10,30,0.09374206662301848,5.554479E7
RHC,10,40,0.07387153576282254,59470.0
SA,10,40,0.048621806259621064,69711.0
GA,10,40,0.11055678879460366,5914375.0
MIMIC,10,40,0.07401194864124178,1.29963829E8
RHC,10,50,0.0637386645446968,77194.0
SA,10,50,0.03369825215481529,83495.0
GA,10,50,0.08880838493081197,7631147.0
MIMIC,10,50,0.051697104810114365,2.67382362E8
RHC,10,60,0.04920172049062795,83889.0
SA,10,60,0.03328463317475296,95704.0
GA,10,60,0.07534982184956203,9225039.0
MIMIC,10,60,0.04561928390946702,4.93695324E8
RHC,20,10,0.4025794973265692,45292.0
SA,20,10,0.22878544038717497,63409.0
GA,20,10,0.4025794973265694,3084990.0
MIMIC,20,10,0.3704715210366902,9504669.0
RHC,20,20,0.18220927011005816,63015.0
SA,20,20,0.11550937573214737,89796.0
GA,20,20,0.2136638731597675,5641834.0
MIMIC,20,20,0.16163842776829707,3.6530727E7
RHC,20,30,0.11297179360948749,89009.0
SA,20,30,0.061692751562961515,107913.0
GA,20,30,0.16938439117669304,8464130.0
MIMIC,20,30,0.1157076988732332,1.00489628E8
RHC,20,40,0.08259150131414908,111064.0
SA,20,40,0.04712557669332542,133119.0
GA,20,40,0.12899341618835108,1.1411668E7
MIMIC,20,40,0.08529604994437515,2.44230954E8
RHC,20,50,0.06789968550602117,137058.0
SA,20,50,0.0385331857649284,159113.0
GA,20,50,0.11222093997160953,1.4423402E7
MIMIC,20,50,0.06498204676932193,4.93234525E8
RHC,20,60,0.04727259788776951,161083.0
SA,20,60,0.029477993869345964,186682.0
GA,20,60,0.09547759217751972,1.7656478E7
MIMIC,20,60,0.04404194193885256,1.385620235E9
RHC,30,10,0.3181040503883227,64591.0
SA,30,10,0.1870739627851796,96492.0
GA,30,10,0.3234378198923035,4803732.0
MIMIC,30,10,0.3149621111319377,1.4087846E7
RHC,30,20,0.2213912343381528,94129.0
SA,30,20,0.11737938257690475,124849.0
GA,30,20,0.2801554494291933,8062407.0
MIMIC,30,20,0.18666785495636223,5.2719738E7
RHC,30,30,0.11529683144105592,131545.0
SA,30,30,0.051122596288381214,161871.0
GA,30,30,0.1616068994123181,1.2190299E7
MIMIC,30,30,0.10142836590916016,1.46478944E8
RHC,30,40,0.08836995996231922,167384.0
SA,30,40,0.045082772922871564,224098.0
GA,30,40,0.14559381213306005,1.6554893E7
MIMIC,30,40,0.06794934682360317,6.0933185E8
RHC,30,50,0.07215417779836653,427716.0
SA,30,50,0.03913359829481022,505303.0
GA,30,50,0.12169096702585486,4.5473378E7
MIMIC,30,50,0.06331484939302058,1.183050238E9
RHC,30,60,0.057016435724531675,511211.0
SA,30,60,0.03123332998003936,536024.0
GA,30,60,0.09830092529624634,5.6070967E7
MIMIC,30,60,0.04356373853022542,1.518396121E9
RHC,40,10,0.4388869811088035,82314.0
SA,40,10,0.27363881144977215,105944.0
GA,40,10,0.4388869811088035,5875384.0
MIMIC,40,10,0.35734139567054707,1.8243308E7
RHC,40,20,0.20080841741167021,124061.0
SA,40,20,0.08895315189661186,146510.0
GA,40,20,0.252624052036197,1.0575141E7
MIMIC,40,20,0.18557292412804985,6.8600368E7
RHC,40,30,0.1661560102604844,172110.0
SA,40,30,0.07446985642333866,192590.0
GA,40,30,0.21124888488414764,1.5502933E7
MIMIC,40,30,0.13720672180700935,1.94162189E8
RHC,40,40,0.08885415639272057,214251.0
SA,40,40,0.04971638947713966,237883.0
GA,40,40,0.15828635172066952,2.1390132E7
MIMIC,40,40,0.06804850381892222,4.64101789E8
RHC,40,50,0.0715469786878602,265058.0
SA,40,50,0.04040695140484064,295384.0
GA,40,50,0.12754109944647057,2.7208015E7
MIMIC,40,50,0.06878691859250025,1.071736558E9
RHC,40,60,0.05783942495951321,617549.0
SA,40,60,0.03032817863989296,659297.0
GA,40,60,0.10764848787519682,5.9539957E7
MIMIC,40,60,0.05214491085355642,2.602304862E9
RHC,50,10,0.41636781260305594,103188.0
SA,50,10,0.23926192952643432,130363.0
GA,50,10,0.432854039511654,7555528.0
MIMIC,50,10,0.416367812603056,2.2582302E7
RHC,50,20,0.166865158696451,154388.0
SA,50,20,0.08609913513501971,183925.0
GA,50,20,0.2278039274035801,1.3192636E7
MIMIC,50,20,0.1607380883806652,1.13315595E8
RHC,50,30,0.16281733812153623,453316.0
SA,50,30,0.0700599451927661,516725.0
GA,50,30,0.19318150658347222,4.1617239E7
MIMIC,50,30,0.13732102382628417,4.10891319E8
RHC,50,40,0.10361053568287901,364307.0
SA,50,40,0.04934829402843706,400146.0
GA,50,40,0.1528793295053942,3.560519E7
MIMIC,50,40,0.09259226794866904,9.69206811E8
RHC,50,50,0.07774148644578609,604159.0
SA,50,50,0.038433897269827266,654571.0
GA,50,50,0.14150409039585232,5.8404895E7
MIMIC,50,50,0.07851802671440576,1.940333225E9
RHC,50,60,0.06700359094750291,456467.0
SA,50,60,0.03242767038994909,486399.0
GA,50,60,0.12703715599600449,4.8558369E7
MIMIC,50,60,0.05824293331084951,2.664985735E9
RHC,60,10,0.2728492311423804,165415.0
SA,60,10,0.20963027896555428,200467.0
GA,60,10,0.3058919369893027,1.1026093E7
MIMIC,60,10,0.23574518363378671,3.1459182E7
RHC,60,20,0.2521270723419512,215827.0
SA,60,20,0.13020135436047786,262300.0
GA,60,20,0.23580522587668226,1.8498914E7
MIMIC,60,20,0.2440462005068991,1.51756077E8
RHC,60,30,0.13671701537197944,553747.0
SA,60,30,0.06350925903073368,621094.0
GA,60,30,0.2145740033144503,4.8546553E7
MIMIC,60,30,0.12096671287873029,5.50190069E8
RHC,60,40,0.09982501638319488,461586.0
SA,60,40,0.049084954408637985,502940.0
GA,60,40,0.18390012622064747,4.4104372E7
MIMIC,60,40,0.09665782524112787,1.190420265E9
RHC,60,50,0.08760686830708588,720737.0
SA,60,50,0.039186667454668964,785328.0
GA,60,50,0.1591776711806455,7.0944141E7
MIMIC,60,50,0.07517063786199119,1.513496291E9
RHC,60,60,0.07162481609432633,460405.0
SA,60,60,0.031800515083886566,496245.0
GA,60,60,0.11980254813562011,4.8420129E7
MIMIC,60,60,0.06428368137515729,3.53734323E9
RHC,10,10,0.2941566792501607,25994.0
SA,10,10,0.16977768537990434,29538.0
GA,10,10,0.33270052134586797,1705350.0
MIMIC,10,10,0.27285255261090857,5253502.0
RHC,10,20,0.16766092528584156,33083.0
SA,10,20,0.09945225728314346,37809.0
GA,10,20,0.2312154996833926,2936116.0
MIMIC,10,20,0.1994821291483447,2.0190479E7
RHC,10,30,0.11503544347307877,46080.0
SA,10,30,0.07215180141891583,50018.0
GA,10,30,0.15075392473737567,4429972.0
MIMIC,10,30,0.11818508530579404,5.5115893E7
RHC,10,40,0.06881749325163596,57895.0
SA,10,40,0.03799583124068655,89403.0
GA,10,40,0.10261734281433457,5869083.0
MIMIC,10,40,0.061643656431532405,1.29420323E8
RHC,10,50,0.06060246785823002,71680.0
SA,10,50,0.03285531876718978,76406.0
GA,10,50,0.08429906761706733,7568525.0
MIMIC,10,50,0.0477043117380745,2.66389872E8
RHC,10,60,0.044162469123179275,83889.0
SA,10,60,0.03411987872356428,88615.0
GA,10,60,0.06956794711994108,9266786.0
MIMIC,10,60,0.04403036481786204,4.96340389E8
RHC,20,10,0.38058585353476754,44110.0
SA,20,10,0.20079931993673736,55532.0
GA,20,10,0.3805858535347677,3023944.0
MIMIC,20,10,0.25293924259092593,9460164.0
RHC,20,20,0.18035746624309687,63015.0
SA,20,20,0.09663445454627435,73649.0
GA,20,20,0.23380420138756863,5556369.0
MIMIC,20,20,0.19664283220716783,3.6096315E7
RHC,20,30,0.10084629605817783,88221.0
SA,20,30,0.07024334927808279,98461.0
GA,20,30,0.15991379988315,8298715.0
MIMIC,20,30,0.08238346666122252,1.04409177E8
RHC,20,40,0.0831132413560011,112246.0
SA,20,40,0.04872371629225843,119335.0
GA,20,40,0.12746752572886014,1.1316751E7
MIMIC,20,40,0.06917482274671352,2.44067902E8
RHC,20,50,0.06458270309705688,137452.0
SA,20,50,0.03778178393992829,145723.0
GA,20,50,0.11035675495290936,1.4624264E7
MIMIC,20,50,0.05482108077104864,4.93926118E8
RHC,20,60,0.0452929963893909,160295.0
SA,20,60,0.028528986735616824,169747.0
GA,20,60,0.09271017402632985,1.7680897E7
MIMIC,20,60,0.04108023950930263,1.074031101E9
RHC,30,10,0.32141286541386827,111458.0
SA,30,10,0.17446485708538453,137846.0
GA,30,10,0.31969216720704274,7952131.0
MIMIC,30,10,0.24223557919745245,2.4369178E7
RHC,30,20,0.20030288972382906,162658.0
SA,30,20,0.08012870792571974,190621.0
GA,30,20,0.24823066605547733,1.3883441E7
MIMIC,30,20,0.1336602353828482,8.3472361E7
RHC,30,30,0.13440835101116105,197316.0
SA,30,30,0.07526364283598591,219372.0
GA,30,30,0.17949859063801843,1.8638335E7
MIMIC,30,30,0.1272403268879824,2.33530177E8
RHC,30,40,0.09171979901509629,348946.0
SA,30,40,0.05224273951644511,387150.0
GA,30,40,0.15877920465922038,3.5629609E7
MIMIC,30,40,0.0976266684665507,5.44039782E8
RHC,30,50,0.07748284769688597,224492.0
SA,30,50,0.0388818921194743,242609.0
GA,30,50,0.1302704131991283,2.4030865E7
MIMIC,30,50,0.08226775547247865,7.31069038E8
RHC,30,60,0.06198389546023481,235126.0
SA,30,60,0.03314913891096927,251273.0
GA,30,60,0.09498716308208306,2.5613335E7
MIMIC,30,60,0.046612440823272865,2.277186748E9
RHC,40,10,0.442648703968656,181169.0
SA,40,10,0.25515553225919446,230793.0
GA,40,10,0.4301010549210328,1.3155615E7
MIMIC,40,10,0.43509817782292787,3.9164764E7
RHC,40,20,0.1750874129744393,434412.0
SA,40,20,0.10829878526707394,319409.0
GA,40,20,0.24098417858977064,2.2166007E7
MIMIC,40,20,0.1587698967542971,1.31374583E8
RHC,40,30,0.13223100049410696,314682.0
SA,40,30,0.06847770600510421,309563.0
GA,40,30,0.21078382109297494,2.5386086E7
MIMIC,40,30,0.10942909417643289,3.48793337E8
RHC,40,40,0.09929224029465968,398177.0
SA,40,40,0.048683837997635586,493882.0
GA,40,40,0.19275359373612141,3.8030096E7
MIMIC,40,40,0.099600206890799,8.62346735E8
RHC,40,50,0.06809420223594104,488762.0
SA,40,50,0.03646231896086056,519482.0
GA,40,50,0.13507656201559312,5.0407078E7
MIMIC,40,50,0.0713098061959812,1.549652471E9
RHC,40,60,0.06792697166925306,662841.0
SA,40,60,0.033777824823106796,704589.0
GA,40,60,0.10936348457013646,6.316294E7
MIMIC,40,60,0.06135496865688948,2.409531765E9
RHC,50,10,0.35053664682132873,98461.0
SA,50,10,0.22036428165257008,126424.0
GA,50,10,0.3678402227776317,7472427.0
MIMIC,50,10,0.34788090919298587,2.23968E7
RHC,50,20,0.19623776516163938,153206.0
SA,50,20,0.10515832797927428,179593.0
GA,50,20,0.26642748876695477,1.2629044E7
MIMIC,50,20,0.14729605121083184,8.8691598E7
RHC,50,30,0.14807820139811767,211495.0
SA,50,30,0.07631290019200732,237882.0
GA,50,30,0.18298543425211036,1.9465017E7
MIMIC,50,30,0.1385731075033722,2.83167288E8
RHC,50,40,0.09585411225949694,567138.0
SA,50,40,0.041300986828709245,628971.0
GA,50,40,0.1805494875425595,5.5451843E7
MIMIC,50,40,0.08864393920880248,8.32936731E8
RHC,50,50,0.08274516956157577,719162.0
SA,50,50,0.04006232332320641,764848.0
GA,50,50,0.1621807049162871,7.0014273E7
MIMIC,50,50,0.07583078740150076,2.13699003E9
RHC,50,60,0.05589084675610334,733734.0
SA,50,60,0.031065826395674845,660873.0
GA,50,60,0.11196622184253152,6.2738768E7
MIMIC,50,60,0.05521628805881437,2.728061635E9
RHC,60,10,0.37739814010841516,118941.0
SA,60,10,0.18998143393668035,151237.0
GA,60,10,0.3773981401084152,8404659.0
MIMIC,60,10,0.3466407864368489,2.6896483E7
RHC,60,20,0.20310856765934304,181562.0
SA,60,20,0.09479629711255594,215040.0
GA,60,20,0.2624515721138622,1.5228816E7
MIMIC,60,20,0.20520973971100256,1.05547784E8
RHC,60,30,0.14510359789106494,252061.0
SA,60,30,0.05624328841890404,284356.0
GA,60,30,0.21428301142667527,2.1875743E7
MIMIC,60,30,0.12652721413136458,2.86393275E8
RHC,60,40,0.09576927172508024,318621.0
SA,60,40,0.0401850038933819,348554.0
GA,60,40,0.1779664305046571,3.0090174E7
MIMIC,60,40,0.08385194510326589,6.8561929E8
RHC,60,50,0.07327788151231295,388726.0
SA,60,50,0.03993004322695314,417082.0
GA,60,50,0.1471829348963829,3.8947756E7
MIMIC,60,50,0.07715571122891593,2.009816201E9
RHC,60,60,0.06445929548862851,983038.0
SA,60,60,0.031179091905217893,1054324.0
GA,60,60,0.11715833952075917,9.0762831E7
MIMIC,60,60,0.05544026633006247,3.244212837E9
RHC,10,10,0.3753293755885363,25993.0
SA,10,10,0.21373573223861123,29145.0
GA,10,10,0.40112946473306843,1683295.0
MIMIC,10,10,0.4054797933353848,5247989.0
RHC,10,20,0.14335409278420522,32689.0
SA,10,20,0.07770126953384147,37810.0
GA,10,20,0.20782712375196882,2995981.0
MIMIC,10,20,0.11300839724346419,2.001128E7
RHC,10,30,0.0897035266469125,47261.0
SA,10,30,0.055505271025090695,51200.0
GA,10,30,0.1607693717048769,4381529.0
MIMIC,10,30,0.10450326461731707,5.9058284E7
RHC,10,40,0.08324751562314381,58289.0
SA,10,40,0.05954837674889752,61440.0
GA,10,40,0.12109286947054403,5920677.0
MIMIC,10,40,0.08932870810570834,1.29583375E8
RHC,10,50,0.053854004973435614,71680.0
SA,10,50,0.03802023275050439,75225.0
GA,10,50,0.09092125378337086,7500390.0
MIMIC,10,50,0.05141925677510525,2.64729026E8
RHC,10,60,0.04420722964546297,84677.0
SA,10,60,0.037484702104116606,85858.0
GA,10,60,0.07212947366387965,9247487.0
MIMIC,10,60,0.044588394918646024,5.52322742E8
RHC,20,10,0.3293760809541928,94916.0
SA,20,10,0.1416170219003692,116578.0
GA,20,10,0.31067783915335345,6725696.0
MIMIC,20,10,0.24821506908612842,2.0561875E7
RHC,20,20,0.17160617203213047,136271.0
SA,20,20,0.09056326696222623,158326.0
GA,20,20,0.22888561879386188,1.2115075E7
MIMIC,20,20,0.12943420654772153,7.4242203E7
RHC,20,30,0.10578566725130163,172898.0
SA,20,30,0.061077980253792366,191803.0
GA,20,30,0.15182868878577738,1.6893207E7
MIMIC,20,30,0.09973143427383149,1.68511832E8
RHC,20,40,0.09869021465729241,224885.0
SA,20,40,0.05076025692592695,181169.0
GA,20,40,0.1607492448715919,1.7281932E7
MIMIC,20,40,0.09349623482886503,3.50556582E8
RHC,20,50,0.06596720367362624,290658.0
SA,20,50,0.03714899915908114,307987.0
GA,20,50,0.09870222844741153,3.136584E7
MIMIC,20,50,0.0598141123042,6.60513228E8
RHC,20,60,0.051924159550513285,160689.0
SA,20,60,0.029780243195364774,167384.0
GA,20,60,0.08343719713157235,1.7709254E7
MIMIC,20,60,0.04683851281591178,1.418570515E9
RHC,30,10,0.41262411334850135,73255.0
SA,30,10,0.23694695703391214,91372.0
GA,30,10,0.4126241133485014,5478388.0
MIMIC,30,10,0.36933095159082574,1.6463128E7
RHC,30,20,0.18333591057191478,109095.0
SA,30,20,0.09589862418379111,129969.0
GA,30,20,0.2515741176957344,9493641.0
MIMIC,30,20,0.17658164438993235,5.7265894E7
RHC,30,30,0.11775482710119839,138634.0
SA,30,30,0.06454031436705544,155175.0
GA,30,30,0.171347739326173,1.3084328E7
MIMIC,30,30,0.10766178474394025,1.46605763E8
RHC,30,40,0.08527977337448431,163052.0
SA,30,40,0.04555964639290147,176836.0
GA,30,40,0.13531352785768527,1.658522E7
MIMIC,30,40,0.08659596620373144,6.05446959E8
RHC,30,50,0.0662603148327939,430867.0
SA,30,50,0.04115466876206609,458436.0
GA,30,50,0.11452720186832693,4.5361133E7
MIMIC,30,50,0.06636289007930168,1.012979172E9
RHC,30,60,0.06007801544250292,236701.0
SA,30,60,0.031153933039991036,250485.0
GA,30,60,0.08702535691516773,2.5827194E7
MIMIC,30,60,0.053022145081103325,1.820802358E9
RHC,40,10,0.3241489436494278,87433.0
SA,40,10,0.21523174521771213,112640.0
GA,40,10,0.32804579082470436,6607543.0
MIMIC,40,10,0.30897810763217715,1.9312992E7
RHC,40,20,0.18690366334185374,125243.0
SA,40,20,0.08878872859255642,147692.0
GA,40,20,0.24393915463923338,1.035183E7
MIMIC,40,20,0.15407088308450695,6.9536932E7
RHC,40,30,0.1533027157039262,170535.0
SA,40,30,0.06611751296944873,192591.0
GA,40,30,0.16913281636576885,1.6003904E7
MIMIC,40,30,0.12061160702428221,1.93511163E8
RHC,40,40,0.10051147395292327,214646.0
SA,40,40,0.04546474544933422,231975.0
GA,40,40,0.18712682468481814,2.1218022E7
MIMIC,40,40,0.0886549189012986,4.60102289E8
RHC,40,50,0.08201886010389703,263089.0
SA,40,50,0.038303647460686534,282387.0
GA,40,50,0.1375157064213482,2.7242279E7
MIMIC,40,50,0.06985323139447876,9.46450824E8
RHC,40,60,0.06157472910664872,310744.0
SA,40,60,0.034415481448141896,328074.0
GA,40,60,0.1199737698665034,3.3333097E7
MIMIC,40,60,0.05268422102926051,2.040443974E9
RHC,50,10,0.36136975795421217,102006.0
SA,50,10,0.18568464682032185,129181.0
GA,50,10,0.35949743763990505,7316071.0
MIMIC,50,10,0.30403758669922115,2.2048641E7
RHC,50,20,0.19090563712185554,153599.0
SA,50,20,0.09502297652999092,176837.0
GA,50,20,0.24035159144498353,1.271884E7
MIMIC,50,20,0.16235309593606811,8.6091826E7
RHC,50,30,0.1437792907991971,215828.0
SA,50,30,0.06685906270087304,238277.0
GA,50,30,0.20951257558889547,1.9015639E7
MIMIC,50,30,0.13745479502149738,2.3537298E8
RHC,50,40,0.11319273697529089,265452.0
SA,50,40,0.05318266017645429,292233.0
GA,50,40,0.181490813776496,2.5541655E7
MIMIC,50,40,0.09158388271034083,7.87548423E8
RHC,50,50,0.07651486598908534,460799.0
SA,50,50,0.03788060227378171,478916.0
GA,50,50,0.1461480245092902,4.4559657E7
MIMIC,50,50,0.07064472576775445,1.211340539E9
RHC,50,60,0.061546182683582425,381636.0
SA,50,60,0.03160255196538209,414326.0
GA,50,60,0.13161139993553525,4.4720347E7
MIMIC,50,60,0.06017855433197824,2.45033532E9
RHC,60,10,0.3725074892570852,118941.0
SA,60,10,0.2063865771112972,152418.0
GA,60,10,0.3658838134300857,9108854.0
MIMIC,60,10,0.3626698361607128,2.6481765E7
RHC,60,20,0.16793502539183994,180775.0
SA,60,20,0.0806636276583923,215040.0
GA,60,20,0.24035158182556035,1.4397803E7
MIMIC,60,20,0.15557640217699206,1.0151914E8
RHC,60,30,0.13337053342652508,252849.0
SA,60,30,0.06300283912923904,280811.0
GA,60,30,0.1774319605956927,2.276032E7
MIMIC,60,30,0.12738146358749664,3.91019067E8
RHC,60,40,0.11086230815253771,629759.0
SA,60,40,0.05135536203965006,704589.0
GA,60,40,0.1640104829617379,6.0261876E7
MIMIC,60,40,0.0932988025559879,8.10436349E8
RHC,60,50,0.07746046950728334,387543.0
SA,60,50,0.040387807461671636,422596.0
GA,60,50,0.1340005076558022,6.8882361E7
MIMIC,60,50,0.07252662043299747,1.398111039E9
RHC,60,60,0.07299211900622929,457648.0
SA,60,60,0.03126640710713309,487580.0
GA,60,60,0.11543161142345396,4.8363021E7
MIMIC,60,60,0.05622778734743256,3.613369551E9
