Algorithm,Iteration,N,Evaluation,TrainingTime
RHC,10,10,17.0,5604812.0
SA,10,10,0.0,2109436.0
GA,10,10,17.0,1.5711277E7
MIMIC,10,10,17.0,5.2875701E7
RHC,10,20,4.0,232762.0
SA,10,20,1.0,256393.0
GA,10,20,31.0,4535916.0
MIMIC,10,20,35.0,6.540707E7
RHC,10,30,8.0,211101.0
SA,10,30,2.0,157144.0
GA,10,30,39.0,3846687.0
MIMIC,10,30,41.0,6.7319583E7
RHC,10,40,10.0,151631.0
SA,10,40,6.0,163446.0
GA,10,40,11.0,3747045.0
MIMIC,10,40,12.0,8.218488E7
RHC,10,50,1.0,89796.0
SA,10,50,1.0,104369.0
GA,10,50,13.0,3993985.0
MIMIC,10,50,68.0,9.1754927E7
RHC,10,60,0.0,119335.0
SA,10,60,2.0,93341.0
GA,10,60,12.0,3647008.0
MIMIC,10,60,21.0,1.01935829E8
RHC,10,70,1.0,81526.0
SA,10,70,0.0,98461.0
GA,10,70,10.0,3354380.0
MIMIC,10,70,20.0,1.15973262E8
RHC,10,80,2.0,77194.0
SA,10,80,1.0,88222.0
GA,10,80,9.0,3125950.0
MIMIC,10,80,15.0,1.20577315E8
RHC,10,90,2.0,140209.0
SA,10,90,0.0,148873.0
GA,10,90,10.0,5800160.0
MIMIC,10,90,17.0,2.28926125E8
RHC,10,100,2.0,122486.0
SA,10,100,1.0,134301.0
GA,10,100,12.0,4698969.0
MIMIC,10,100,20.0,2.169422E8
RHC,20,10,10.0,336738.0
SA,20,10,2.0,359975.0
GA,20,10,17.0,4049911.0
MIMIC,20,10,17.0,1.4610873E7
RHC,20,20,18.0,174474.0
SA,20,20,1.0,147692.0
GA,20,20,32.0,3619438.0
MIMIC,20,20,32.0,2.8295815E7
RHC,20,30,3.0,110670.0
SA,20,30,2.0,144147.0
GA,20,30,42.0,4181062.0
MIMIC,20,30,15.0,4.7017646E7
RHC,20,40,10.0,90190.0
SA,20,40,4.0,112640.0
GA,20,40,56.0,3215747.0
MIMIC,20,40,17.0,6.5849359E7
RHC,20,50,9.0,79951.0
SA,20,50,1.0,103976.0
GA,20,50,11.0,2987710.0
MIMIC,20,50,12.0,8.104391E7
RHC,20,60,2.0,74436.0
SA,20,60,2.0,98461.0
GA,20,60,14.0,2847502.0
MIMIC,20,60,76.0,9.3579613E7
RHC,20,70,9.0,78375.0
SA,20,70,1.0,98068.0
GA,20,70,10.0,2741557.0
MIMIC,20,70,20.0,1.24292457E8
RHC,20,80,2.0,120911.0
SA,20,80,3.0,157539.0
GA,20,80,9.0,4888408.0
MIMIC,20,80,18.0,2.01353016E8
RHC,20,90,2.0,93342.0
SA,20,90,1.0,152419.0
GA,20,90,24.0,3734835.0
MIMIC,20,90,17.0,1.88360059E8
RHC,20,100,2.0,108702.0
SA,20,100,1.0,113428.0
GA,20,100,15.0,3112559.0
MIMIC,20,100,23.0,1.88139506E8
RHC,30,10,17.0,52381.0
SA,30,10,2.0,83889.0
GA,30,10,17.0,2263429.0
MIMIC,30,10,17.0,8293988.0
RHC,30,20,20.0,54350.0
SA,30,20,1.0,78375.0
GA,30,20,35.0,2400881.0
MIMIC,30,20,35.0,1.8631639E7
RHC,30,30,7.0,64985.0
SA,30,30,1.0,83889.0
GA,30,30,43.0,2470985.0
MIMIC,30,30,40.0,3.2743904E7
RHC,30,40,28.0,66166.0
SA,30,40,1.0,84283.0
GA,30,40,50.0,2652155.0
MIMIC,30,40,24.0,4.6139371E7
RHC,30,50,12.0,71680.0
SA,30,50,3.0,93735.0
GA,30,50,15.0,2834110.0
MIMIC,30,50,12.0,7.0080439E7
RHC,30,60,6.0,71286.0
SA,30,60,0.0,98068.0
GA,30,60,19.0,3129889.0
MIMIC,30,60,18.0,9.9359686E7
RHC,30,70,12.0,149268.0
SA,30,70,0.0,213464.0
GA,30,70,12.0,6748540.0
MIMIC,30,70,8.0,2.52586382E8
RHC,30,80,5.0,164627.0
SA,30,80,2.0,183138.0
GA,30,80,15.0,4964813.0
MIMIC,30,80,18.0,2.42335771E8
RHC,30,90,7.0,168172.0
SA,30,90,0.0,143360.0
GA,30,90,14.0,3897887.0
MIMIC,30,90,19.0,2.22492269E8
RHC,30,100,3.0,90191.0
SA,30,100,9.0,108701.0
GA,30,100,12.0,3517433.0
MIMIC,30,100,25.0,2.19750318E8
RHC,40,10,17.0,42142.0
SA,40,10,2.0,72074.0
GA,40,10,17.0,2115737.0
MIMIC,40,10,17.0,1.058538E7
RHC,40,20,20.0,43717.0
SA,40,20,1.0,72862.0
GA,40,20,35.0,2334715.0
MIMIC,40,20,29.0,2.7417541E7
RHC,40,30,7.0,48049.0
SA,40,30,0.0,80738.0
GA,40,30,40.0,2474136.0
MIMIC,40,30,47.0,4.0778743E7
RHC,40,40,13.0,59865.0
SA,40,40,2.0,85071.0
GA,40,40,55.0,2795908.0
MIMIC,40,40,12.0,6.410935E7
RHC,40,50,17.0,67347.0
SA,40,50,0.0,93736.0
GA,40,50,67.0,2984165.0
MIMIC,40,50,11.0,8.6956316E7
RHC,40,60,9.0,76013.0
SA,40,60,2.0,108701.0
GA,40,60,14.0,3186208.0
MIMIC,40,60,13.0,1.35998721E8
RHC,40,70,9.0,148873.0
SA,40,70,3.0,216615.0
GA,40,70,12.0,7326704.0
MIMIC,40,70,20.0,3.1390849E8
RHC,40,80,9.0,143753.0
SA,40,80,4.0,205193.0
GA,40,80,13.0,6303888.0
MIMIC,40,80,11.0,3.63832714E8
RHC,40,90,1.0,157144.0
SA,40,90,1.0,209919.0
GA,40,90,11.0,7268808.0
MIMIC,40,90,24.0,3.59660316E8
RHC,40,100,12.0,120517.0
SA,40,100,0.0,149661.0
GA,40,100,10.0,5119201.0
MIMIC,40,100,29.0,3.03961138E8
RHC,50,10,10.0,47261.0
SA,50,10,2.0,235519.0
GA,50,10,17.0,2620646.0
MIMIC,50,10,14.0,1.3151283E7
RHC,50,20,20.0,52776.0
SA,50,20,4.0,142178.0
GA,50,20,32.0,2888068.0
MIMIC,50,20,35.0,4.6826237E7
RHC,50,30,11.0,124455.0
SA,50,30,1.0,257969.0
GA,50,30,51.0,6740662.0
MIMIC,50,30,17.0,1.07332297E8
RHC,50,40,9.0,148086.0
SA,50,40,0.0,257968.0
GA,50,40,50.0,7234544.0
MIMIC,50,40,13.0,1.49782913E8
RHC,50,50,8.0,115397.0
SA,50,50,5.0,218978.0
GA,50,50,10.0,5789920.0
MIMIC,50,50,17.0,1.65858103E8
RHC,50,60,9.0,100825.0
SA,50,60,7.0,196529.0
GA,50,60,22.0,5030586.0
MIMIC,50,60,18.0,1.75716051E8
RHC,50,70,6.0,102400.0
SA,50,70,8.0,171716.0
GA,50,70,11.0,4517406.0
MIMIC,50,70,30.0,1.90720375E8
RHC,50,80,10.0,115397.0
SA,50,80,5.0,160689.0
GA,50,80,17.0,4622956.0
MIMIC,50,80,15.0,2.38418585E8
RHC,50,90,4.0,122092.0
SA,50,90,4.0,181957.0
GA,50,90,11.0,5088088.0
MIMIC,50,90,18.0,2.91339972E8
RHC,50,100,11.0,138633.0
SA,50,100,7.0,179594.0
GA,50,100,15.0,5334635.0
MIMIC,50,100,21.0,4.4880917E8
RHC,60,10,10.0,122486.0
SA,60,10,17.0,343433.0
GA,60,10,17.0,6738299.0
MIMIC,60,10,17.0,3.1482812E7
RHC,60,20,35.0,136665.0
SA,60,20,4.0,252849.0
GA,60,20,35.0,6804465.0
MIMIC,60,20,35.0,6.854523E7
RHC,60,30,30.0,124849.0
SA,60,30,8.0,275692.0
GA,60,30,40.0,6273561.0
MIMIC,60,30,40.0,1.00426613E8
RHC,60,40,16.0,159902.0
SA,60,40,5.0,272935.0
GA,60,40,53.0,8524782.0
MIMIC,60,40,55.0,1.93214597E8
RHC,60,50,32.0,174867.0
SA,60,50,6.0,244578.0
GA,60,50,14.0,7894629.0
MIMIC,60,50,67.0,2.27805636E8
RHC,60,60,5.0,189046.0
SA,60,60,0.0,375334.0
GA,60,60,42.0,1.0019818E7
MIMIC,60,60,24.0,3.40350082E8
RHC,60,70,8.0,176442.0
SA,60,70,12.0,343433.0
GA,60,70,13.0,7917866.0
MIMIC,60,70,20.0,4.231596E8
RHC,60,80,6.0,170141.0
SA,60,80,13.0,541931.0
GA,60,80,17.0,8602763.0
MIMIC,60,80,23.0,3.50013076E8
RHC,60,90,1.0,163840.0
SA,60,90,1.0,219766.0
GA,60,90,15.0,1.1317145E7
MIMIC,60,90,15.0,6.41850868E8
RHC,60,100,6.0,272935.0
SA,60,100,0.0,380455.0
GA,60,100,9.0,1.2702692E7
MIMIC,60,100,25.0,5.92585547E8
RHC,10,10,10.0,14966.0
SA,10,10,2.0,21661.0
GA,10,10,17.0,638817.0
MIMIC,10,10,17.0,3171243.0
RHC,10,20,7.0,12603.0
SA,10,20,5.0,21267.0
GA,10,20,35.0,718374.0
MIMIC,10,20,31.0,7725276.0
RHC,10,30,7.0,14572.0
SA,10,30,0.0,22843.0
GA,10,30,42.0,788085.0
MIMIC,10,30,41.0,1.3078814E7
RHC,10,40,1.0,14573.0
SA,10,40,1.0,22843.0
GA,10,40,9.0,4349234.0
MIMIC,10,40,16.0,4.3915326E7
RHC,10,50,1.0,37415.0
SA,10,50,2.0,53563.0
GA,10,50,14.0,1926298.0
MIMIC,10,50,64.0,6.3014067E7
RHC,10,60,3.0,41353.0
SA,10,60,1.0,58289.0
GA,10,60,12.0,2101165.0
MIMIC,10,60,12.0,8.9181936E7
RHC,10,70,1.0,44898.0
SA,10,70,0.0,61440.0
GA,10,70,13.0,2315417.0
MIMIC,10,70,21.0,9.9740929E7
RHC,10,80,3.0,44111.0
SA,10,80,5.0,56714.0
GA,10,80,10.0,2077141.0
MIMIC,10,80,17.0,1.08369291E8
RHC,10,90,1.0,41747.0
SA,10,90,0.0,48049.0
GA,10,90,12.0,1844772.0
MIMIC,10,90,15.0,1.28144264E8
RHC,10,100,0.0,55926.0
SA,10,100,1.0,66953.0
GA,10,100,10.0,2858923.0
MIMIC,10,100,6.0,2.22587973E8
RHC,20,10,10.0,40566.0
SA,20,10,3.0,67347.0
GA,20,10,17.0,2023183.0
MIMIC,20,10,17.0,1.0388457E7
RHC,20,20,13.0,40566.0
SA,20,20,1.0,67348.0
GA,20,20,34.0,2309509.0
MIMIC,20,20,32.0,2.330422E7
RHC,20,30,4.0,43717.0
SA,20,30,0.0,74437.0
GA,20,30,42.0,2439872.0
MIMIC,20,30,9.0,4.0364811E7
RHC,20,40,16.0,48049.0
SA,20,40,1.0,68529.0
GA,20,40,11.0,2321324.0
MIMIC,20,40,18.0,5.6086721E7
RHC,20,50,6.0,54745.0
SA,20,50,0.0,78769.0
GA,20,50,12.0,2561964.0
MIMIC,20,50,15.0,7.4796343E7
RHC,20,60,3.0,53169.0
SA,20,60,2.0,78769.0
GA,20,60,10.0,2446173.0
MIMIC,20,60,16.0,9.0304789E7
RHC,20,70,7.0,54745.0
SA,20,70,2.0,74437.0
GA,20,70,18.0,2454444.0
MIMIC,20,70,9.0,1.07001466E8
RHC,20,80,4.0,53169.0
SA,20,80,4.0,69711.0
GA,20,80,14.0,2241374.0
MIMIC,20,80,17.0,1.25244381E8
RHC,20,90,7.0,58683.0
SA,20,90,4.0,68529.0
GA,20,90,13.0,2260278.0
MIMIC,20,90,18.0,1.37058165E8
RHC,20,100,2.0,59471.0
SA,20,100,2.0,72074.0
GA,20,100,11.0,2432389.0
MIMIC,20,100,23.0,2.42831228E8
RHC,30,10,10.0,66954.0
SA,30,10,4.0,117760.0
GA,30,10,17.0,3487500.0
MIMIC,30,10,17.0,1.7574165E7
RHC,30,20,10.0,63803.0
SA,30,20,2.0,119729.0
GA,30,20,35.0,3862047.0
MIMIC,30,20,34.0,3.7721715E7
RHC,30,30,22.0,73650.0
SA,30,30,2.0,118547.0
GA,30,30,41.0,3765161.0
MIMIC,30,30,44.0,6.4190089E7
RHC,30,40,4.0,74437.0
SA,30,40,0.0,126819.0
GA,30,40,69.0,3765555.0
MIMIC,30,40,21.0,9.2999084E7
RHC,30,50,7.0,96099.0
SA,30,50,3.0,148874.0
GA,30,50,18.0,4926610.0
MIMIC,30,50,66.0,1.47127214E8
RHC,30,60,3.0,106732.0
SA,30,60,1.0,159508.0
GA,30,60,11.0,5349601.0
MIMIC,30,60,17.0,1.7328563E8
RHC,30,70,3.0,89009.0
SA,30,70,1.0,132332.0
GA,30,70,15.0,4206268.0
MIMIC,30,70,20.0,1.79875845E8
RHC,30,80,4.0,83101.0
SA,30,80,0.0,115003.0
GA,30,80,11.0,3734047.0
MIMIC,30,80,19.0,1.80980186E8
RHC,30,90,4.0,81526.0
SA,30,90,1.0,108308.0
GA,30,90,9.0,3487894.0
MIMIC,30,90,20.0,1.92177602E8
RHC,30,100,2.0,82707.0
SA,30,100,0.0,100825.0
GA,30,100,10.0,6695370.0
MIMIC,30,100,26.0,2.19722749E8
RHC,40,10,10.0,40960.0
SA,40,10,0.0,73256.0
GA,40,10,17.0,2103134.0
MIMIC,40,10,17.0,1.6795533E7
RHC,40,20,20.0,94917.0
SA,40,20,0.0,281600.0
GA,40,20,35.0,4944334.0
MIMIC,40,20,30.0,5.167526E7
RHC,40,30,10.0,148085.0
SA,40,30,3.0,165415.0
GA,40,30,44.0,5459877.0
MIMIC,40,30,42.0,8.7078803E7
RHC,40,40,13.0,108701.0
SA,40,40,0.0,172111.0
GA,40,40,56.0,5749354.0
MIMIC,40,40,59.0,1.18370205E8
RHC,40,50,9.0,95311.0
SA,40,50,6.0,155962.0
GA,40,50,22.0,8216795.0
MIMIC,40,50,14.0,1.45336399E8
RHC,40,60,16.0,89797.0
SA,40,60,0.0,130757.0
GA,40,60,24.0,4359868.0
MIMIC,40,60,15.0,2.02261618E8
RHC,40,70,13.0,144541.0
SA,40,70,3.0,212676.0
GA,40,70,20.0,7340883.0
MIMIC,40,70,14.0,3.06636136E8
RHC,40,80,6.0,163052.0
SA,40,80,1.0,244578.0
GA,40,80,20.0,7908020.0
MIMIC,40,80,27.0,3.78831918E8
RHC,40,90,5.0,167778.0
SA,40,90,0.0,245759.0
GA,40,90,14.0,8433016.0
MIMIC,40,90,11.0,4.51985925E8
RHC,40,100,5.0,133513.0
SA,40,100,2.0,156356.0
GA,40,100,17.0,5522892.0
MIMIC,40,100,17.0,4.57457224E8
RHC,50,10,17.0,89403.0
SA,50,10,17.0,162658.0
GA,50,10,17.0,4801368.0
MIMIC,50,10,17.0,2.3796921E7
RHC,50,20,20.0,97280.0
SA,50,20,5.0,161083.0
GA,50,20,35.0,5343693.0
MIMIC,50,20,34.0,5.7304491E7
RHC,50,30,16.0,122092.0
SA,50,30,4.0,207557.0
GA,50,30,40.0,6598484.0
MIMIC,50,30,45.0,1.09083727E8
RHC,50,40,8.0,127212.0
SA,50,40,0.0,210707.0
GA,50,40,53.0,7448797.0
MIMIC,50,40,12.0,1.65265759E8
RHC,50,50,11.0,144541.0
SA,50,50,2.0,233550.0
GA,50,50,72.0,7832796.0
MIMIC,50,50,21.0,2.34119763E8
RHC,50,60,16.0,138240.0
SA,50,60,2.0,215039.0
GA,50,60,14.0,7146323.0
MIMIC,50,60,14.0,3.12255521E8
RHC,50,70,7.0,150842.0
SA,50,70,1.0,228431.0
GA,50,70,15.0,7603971.0
MIMIC,50,70,18.0,3.77481422E8
RHC,50,80,9.0,159114.0
SA,50,80,1.0,221341.0
GA,50,80,11.0,1.1038302E7
MIMIC,50,80,16.0,3.3881763E8
RHC,50,90,1.0,121305.0
SA,50,90,2.0,168172.0
GA,50,90,11.0,5500837.0
MIMIC,50,90,20.0,4.66902816E8
RHC,50,100,8.0,175261.0
SA,50,100,1.0,257181.0
GA,50,100,17.0,8211281.0
MIMIC,50,100,21.0,4.68135158E8
RHC,60,10,10.0,122092.0
SA,60,10,17.0,230400.0
GA,60,10,17.0,6680404.0
MIMIC,60,10,16.0,3.3459521E7
RHC,60,20,35.0,139815.0
SA,60,20,30.0,238670.0
GA,60,20,35.0,7557498.0
MIMIC,60,20,35.0,7.5782925E7
RHC,60,30,19.0,144541.0
SA,60,30,8.0,246153.0
GA,60,30,46.0,7840278.0
MIMIC,60,30,18.0,1.12671657E8
RHC,60,40,25.0,120911.0
SA,60,40,5.0,193378.0
GA,60,40,59.0,6464577.0
MIMIC,60,40,20.0,1.44354936E8
RHC,60,50,28.0,123668.0
SA,60,50,7.0,187471.0
GA,60,50,20.0,6150682.0
MIMIC,60,50,25.0,1.92867619E8
RHC,60,60,19.0,200074.0
SA,60,60,9.0,291051.0
GA,60,60,14.0,9771302.0
MIMIC,60,60,29.0,3.22565997E8
RHC,60,70,4.0,139421.0
SA,60,70,5.0,211889.0
GA,60,70,19.0,1.3862961E7
MIMIC,60,70,12.0,4.32848588E8
RHC,60,80,11.0,151630.0
SA,60,80,6.0,229612.0
GA,60,80,14.0,7713066.0
MIMIC,60,80,18.0,4.02010501E8
RHC,60,90,2.0,241427.0
SA,60,90,1.0,361550.0
GA,60,90,24.0,1.2342324E7
MIMIC,60,90,26.0,6.41742561E8
RHC,60,100,10.0,223310.0
SA,60,100,4.0,289477.0
GA,60,100,12.0,1.0253369E7
MIMIC,60,100,17.0,5.05857661E8
RHC,10,10,17.0,14572.0
SA,10,10,0.0,20086.0
GA,10,10,17.0,574227.0
MIMIC,10,10,17.0,2925483.0
RHC,10,20,1.0,9846.0
SA,10,20,2.0,18905.0
GA,10,20,34.0,645906.0
MIMIC,10,20,34.0,7045499.0
RHC,10,30,9.0,14179.0
SA,10,30,0.0,20874.0
GA,10,30,41.0,714435.0
MIMIC,10,30,49.0,1.2943332E7
RHC,10,40,1.0,15360.0
SA,10,40,2.0,22843.0
GA,10,40,16.0,805807.0
MIMIC,10,40,8.0,2.1216052E7
RHC,10,50,2.0,18511.0
SA,10,50,1.0,27176.0
GA,10,50,12.0,885758.0
MIMIC,10,50,20.0,2.9671517E7
RHC,10,60,7.0,22056.0
SA,10,60,5.0,28357.0
GA,10,60,10.0,964921.0
MIMIC,10,60,15.0,7.2383647E7
RHC,10,70,2.0,44899.0
SA,10,70,1.0,58683.0
GA,10,70,11.0,2228771.0
MIMIC,10,70,15.0,1.12267966E8
RHC,10,80,6.0,52381.0
SA,10,80,1.0,67742.0
GA,10,80,10.0,2468623.0
MIMIC,10,80,19.0,1.26160071E8
RHC,10,90,1.0,43323.0
SA,10,90,2.0,52382.0
GA,10,90,7.0,2025547.0
MIMIC,10,90,14.0,1.26062004E8
RHC,10,100,4.0,42535.0
SA,10,100,0.0,53957.0
GA,10,100,16.0,1923146.0
MIMIC,10,100,17.0,1.32720746E8
RHC,20,10,10.0,25994.0
SA,20,10,2.0,44505.0
GA,20,10,17.0,1279210.0
MIMIC,20,10,17.0,6536650.0
RHC,20,20,8.0,23631.0
SA,20,20,5.0,42141.0
GA,20,20,35.0,1428477.0
MIMIC,20,20,14.0,1.4619537E7
RHC,20,30,6.0,29932.0
SA,20,30,4.0,50018.0
GA,20,30,42.0,1588771.0
MIMIC,20,30,18.0,2.6974465E7
RHC,20,40,17.0,33083.0
SA,20,40,1.0,51199.0
GA,20,40,15.0,1689202.0
MIMIC,20,40,13.0,3.8176212E7
RHC,20,50,3.0,37809.0
SA,20,50,7.0,54351.0
GA,20,50,69.0,1699442.0
MIMIC,20,50,64.0,5.7055975E7
RHC,20,60,2.0,72467.0
SA,20,60,0.0,108307.0
GA,20,60,19.0,3650158.0
MIMIC,20,60,15.0,1.44141473E8
RHC,20,70,4.0,80738.0
SA,20,70,0.0,121305.0
GA,20,70,11.0,3944755.0
MIMIC,20,70,24.0,1.62609273E8
RHC,20,80,6.0,66166.0
SA,20,80,8.0,98067.0
GA,20,80,13.0,3213384.0
MIMIC,20,80,22.0,1.68250319E8
RHC,20,90,3.0,66954.0
SA,20,90,2.0,86646.0
GA,20,90,25.0,2858923.0
MIMIC,20,90,14.0,1.64715557E8
RHC,20,100,1.0,61440.0
SA,20,100,0.0,76800.0
GA,20,100,13.0,2541090.0
MIMIC,20,100,23.0,1.75832235E8
RHC,30,10,17.0,32295.0
SA,30,10,0.0,53957.0
GA,30,10,17.0,1614372.0
MIMIC,30,10,17.0,8160081.0
RHC,30,20,20.0,35052.0
SA,30,20,0.0,52775.0
GA,30,20,35.0,1770728.0
MIMIC,30,20,33.0,1.7856552E7
RHC,30,30,5.0,40172.0
SA,30,30,1.0,61046.0
GA,30,30,42.0,1875492.0
MIMIC,30,30,47.0,3.1413102E7
RHC,30,40,11.0,3454811.0
SA,30,40,1.0,66166.0
GA,30,40,60.0,2085410.0
MIMIC,30,40,57.0,4.8359871E7
RHC,30,50,4.0,50806.0
SA,30,50,0.0,72073.0
GA,30,50,24.0,2318567.0
MIMIC,30,50,12.0,7.0333287E7
RHC,30,60,9.0,57501.0
SA,30,60,0.0,77193.0
GA,30,60,16.0,2454050.0
MIMIC,30,60,17.0,9.9322271E7
RHC,30,70,5.0,62621.0
SA,30,70,3.0,83102.0
GA,30,70,11.0,2629311.0
MIMIC,30,70,17.0,1.20968008E8
RHC,30,80,2.0,62621.0
SA,30,80,1.0,90978.0
GA,30,80,10.0,2871527.0
MIMIC,30,80,26.0,1.57302207E8
RHC,30,90,3.0,135482.0
SA,30,90,4.0,187077.0
GA,30,90,15.0,6394078.0
MIMIC,30,90,13.0,3.70733277E8
RHC,30,100,4.0,106732.0
SA,30,100,1.0,145722.0
GA,30,100,11.0,4907706.0
MIMIC,30,100,24.0,3.18623999E8
RHC,40,10,17.0,85071.0
SA,40,10,0.0,147692.0
GA,40,10,17.0,4510317.0
MIMIC,40,10,17.0,2.2428702E7
RHC,40,20,19.0,88616.0
SA,40,20,1.0,150842.0
GA,40,20,34.0,4925823.0
MIMIC,40,20,35.0,5.0236544E7
RHC,40,30,10.0,95311.0
SA,40,30,3.0,165415.0
GA,40,30,45.0,5493354.0
MIMIC,40,30,43.0,8.3903621E7
RHC,40,40,11.0,96886.0
SA,40,40,1.0,160295.0
GA,40,40,53.0,4964026.0
MIMIC,40,40,56.0,1.07478019E8
RHC,40,50,7.0,98461.0
SA,40,50,6.0,146904.0
GA,40,50,16.0,4771830.0
MIMIC,40,50,68.0,1.38128242E8
RHC,40,60,15.0,132726.0
SA,40,60,0.0,203224.0
GA,40,60,9.0,6679222.0
MIMIC,40,60,15.0,2.57091184E8
RHC,40,70,6.0,124061.0
SA,40,70,0.0,188652.0
GA,40,70,15.0,6226301.0
MIMIC,40,70,18.0,2.29808339E8
RHC,40,80,10.0,99249.0
SA,40,80,2.0,149661.0
GA,40,80,16.0,8400327.0
MIMIC,40,80,21.0,2.26427571E8
RHC,40,90,3.0,97674.0
SA,40,90,0.0,122092.0
GA,40,90,11.0,4060151.0
MIMIC,40,90,13.0,2.45074964E8
RHC,40,100,11.0,105944.0
SA,40,100,0.0,134695.0
GA,40,100,10.0,4404372.0
MIMIC,40,100,20.0,2.90176947E8
RHC,50,10,10.0,50019.0
SA,50,10,16.0,86252.0
GA,50,10,17.0,2581262.0
MIMIC,50,10,17.0,1.3253288E7
RHC,50,20,35.0,54745.0
SA,50,20,9.0,88221.0
GA,50,20,28.0,2809298.0
MIMIC,50,20,35.0,2.9102805E7
RHC,50,30,30.0,65379.0
SA,50,30,0.0,98067.0
GA,50,30,46.0,3075538.0
MIMIC,50,30,44.0,4.9785591E7
RHC,50,40,14.0,68922.0
SA,50,40,1.0,103581.0
GA,50,40,20.0,3352018.0
MIMIC,50,40,56.0,7.6159835E7
RHC,50,50,6.0,153994.0
SA,50,50,4.0,209920.0
GA,50,50,17.0,7777263.0
MIMIC,50,50,20.0,2.28572846E8
RHC,50,60,13.0,148873.0
SA,50,60,0.0,229612.0
GA,50,60,14.0,7629177.0
MIMIC,50,60,16.0,2.56463789E8
RHC,50,70,11.0,171323.0
SA,50,70,2.0,264664.0
GA,50,70,12.0,8729187.0
MIMIC,50,70,20.0,3.71631244E8
RHC,50,80,6.0,137846.0
SA,50,80,0.0,222523.0
GA,50,80,14.0,7236120.0
MIMIC,50,80,13.0,3.16016349E8
RHC,50,90,8.0,123667.0
SA,50,90,1.0,160689.0
GA,50,90,16.0,5494536.0
MIMIC,50,90,17.0,4.94069478E8
RHC,50,100,4.0,183925.0
SA,50,100,2.0,243396.0
GA,50,100,11.0,8698861.0
MIMIC,50,100,28.0,6.13119066E8
RHC,60,10,17.0,92553.0
SA,60,10,16.0,172898.0
GA,60,10,17.0,4978992.0
MIMIC,60,10,17.0,2.4456612E7
RHC,60,20,20.0,85859.0
SA,60,20,10.0,152025.0
GA,60,20,34.0,4873442.0
MIMIC,60,20,34.0,6.1252396E7
RHC,60,30,30.0,152024.0
SA,60,30,8.0,248516.0
GA,60,30,42.0,7854457.0
MIMIC,60,30,11.0,1.3037461E8
RHC,60,40,19.0,167778.0
SA,60,40,9.0,257574.0
GA,60,40,13.0,8405840.0
MIMIC,60,40,56.0,1.64217737E8
RHC,60,50,10.0,145723.0
SA,60,50,10.0,211889.0
GA,60,50,65.0,6921437.0
MIMIC,60,50,29.0,1.77856599E8
RHC,60,60,9.0,127606.0
SA,60,60,12.0,180775.0
GA,60,60,15.0,5983691.0
MIMIC,60,60,23.0,2.71335388E8
RHC,60,70,18.0,223704.0
SA,60,70,4.0,316652.0
GA,60,70,20.0,1.0569232E7
MIMIC,60,70,12.0,3.78704312E8
RHC,60,80,11.0,161083.0
SA,60,80,3.0,198892.0
GA,60,80,14.0,7007296.0
MIMIC,60,80,22.0,3.16440914E8
RHC,60,90,4.0,138239.0
SA,60,90,1.0,183925.0
GA,60,90,15.0,6005353.0
MIMIC,60,90,22.0,3.35514055E8
RHC,60,100,5.0,148479.0
SA,60,100,3.0,185501.0
GA,60,100,10.0,6290497.0
MIMIC,60,100,33.0,4.20596849E8
RHC,10,10,10.0,13785.0
SA,10,10,2.0,20086.0
GA,10,10,17.0,582103.0
MIMIC,10,10,17.0,2940055.0
RHC,10,20,12.0,10634.0
SA,10,20,6.0,18117.0
GA,10,20,32.0,654177.0
MIMIC,10,20,35.0,7011628.0
RHC,10,30,6.0,12997.0
SA,10,30,0.0,21268.0
GA,10,30,45.0,728220.0
MIMIC,10,30,46.0,1.2645979E7
RHC,10,40,6.0,16148.0
SA,10,40,2.0,22055.0
GA,10,40,9.0,795961.0
MIMIC,10,40,53.0,2.0307058E7
RHC,10,50,9.0,19298.0
SA,10,50,2.0,25600.0
GA,10,50,12.0,899543.0
MIMIC,10,50,13.0,2.8916121E7
RHC,10,60,4.0,21267.0
SA,10,60,9.0,28751.0
GA,10,60,9.0,983432.0
MIMIC,10,60,14.0,4.1129659E7
RHC,10,70,5.0,25206.0
SA,10,70,3.0,30326.0
GA,10,70,16.0,1063382.0
MIMIC,10,70,16.0,5.5902796E7
RHC,10,80,3.0,25600.0
SA,10,80,0.0,35446.0
GA,10,80,10.0,1196108.0
MIMIC,10,80,16.0,6.7341245E7
RHC,10,90,4.0,30720.0
SA,10,90,0.0,36233.0
GA,10,90,14.0,1303628.0
MIMIC,10,90,12.0,8.722098E7
RHC,10,100,3.0,32295.0
SA,10,100,2.0,36628.0
GA,10,100,8.0,1367825.0
MIMIC,10,100,18.0,1.00556188E8
RHC,20,10,10.0,21267.0
SA,20,10,1.0,37415.0
GA,20,10,17.0,1084256.0
MIMIC,20,10,17.0,5586302.0
RHC,20,20,9.0,18905.0
SA,20,20,3.0,37415.0
GA,20,20,34.0,1176810.0
MIMIC,20,20,35.0,1.5459216E7
RHC,20,30,6.0,25206.0
SA,20,30,2.0,41354.0
GA,20,30,47.0,1325683.0
MIMIC,20,30,44.0,2.2025011E7
RHC,20,40,12.0,32689.0
SA,20,40,2.0,44111.0
GA,20,40,17.0,1440292.0
MIMIC,20,40,25.0,3.3979003E7
RHC,20,50,7.0,34658.0
SA,20,50,1.0,50412.0
GA,20,50,64.0,1593104.0
MIMIC,20,50,22.0,4.8759623E7
RHC,20,60,1.0,35446.0
SA,20,60,0.0,55138.0
GA,20,60,17.0,1711257.0
MIMIC,20,60,18.0,6.5957667E7
RHC,20,70,3.0,46080.0
SA,20,70,0.0,59470.0
GA,20,70,14.0,1858162.0
MIMIC,20,70,11.0,1.62093728E8
RHC,20,80,3.0,86646.0
SA,20,80,0.0,123668.0
GA,20,80,23.0,4328754.0
MIMIC,20,80,11.0,2.20247351E8
RHC,20,90,2.0,79950.0
SA,20,90,0.0,107126.0
GA,20,90,12.0,3603684.0
MIMIC,20,90,16.0,2.44453083E8
RHC,20,100,4.0,102006.0
SA,20,100,1.0,129181.0
GA,20,100,10.0,4833664.0
MIMIC,20,100,13.0,3.06978387E8
RHC,30,10,10.0,42929.0
SA,30,10,2.0,75618.0
GA,30,10,17.0,2266974.0
MIMIC,30,10,17.0,1.1519187E7
RHC,30,20,20.0,41748.0
SA,30,20,1.0,76012.0
GA,30,20,30.0,2471773.0
MIMIC,30,20,35.0,3.6199503E7
RHC,30,30,22.0,78375.0
SA,30,30,0.0,121698.0
GA,30,30,47.0,4045185.0
MIMIC,30,30,12.0,6.8688984E7
RHC,30,40,6.0,78769.0
SA,30,40,1.0,137846.0
GA,30,40,52.0,4491412.0
MIMIC,30,40,14.0,1.02530535E8
RHC,30,50,10.0,83101.0
SA,30,50,5.0,128394.0
GA,30,50,13.0,4158612.0
MIMIC,30,50,19.0,1.22396485E8
RHC,30,60,3.0,79557.0
SA,30,60,3.0,2978258.0
GA,30,60,11.0,3970354.0
MIMIC,30,60,75.0,1.36475273E8
RHC,30,70,1.0,78376.0
SA,30,70,2.0,115791.0
GA,30,70,13.0,3733654.0
MIMIC,30,70,17.0,1.54134903E8
RHC,30,80,2.0,70892.0
SA,30,80,10.0,107913.0
GA,30,80,13.0,3384706.0
MIMIC,30,80,24.0,1.62677802E8
RHC,30,90,7.0,75619.0
SA,30,90,1.0,95311.0
GA,30,90,17.0,3205901.0
MIMIC,30,90,15.0,3.25819552E8
RHC,30,100,2.0,131151.0
SA,30,100,3.0,183926.0
GA,30,100,13.0,5983692.0
MIMIC,30,100,22.0,4.3070804E8
RHC,40,10,10.0,70893.0
SA,40,10,1.0,132332.0
GA,40,10,17.0,3889222.0
MIMIC,40,10,17.0,1.94788E7
RHC,40,20,35.0,80738.0
SA,40,20,1.0,129969.0
GA,40,20,33.0,4160976.0
MIMIC,40,20,35.0,3.9399496E7
RHC,40,30,10.0,74043.0
SA,40,30,4.0,125243.0
GA,40,30,42.0,3978625.0
MIMIC,40,30,43.0,8.5062708E7
RHC,40,40,12.0,105551.0
SA,40,40,0.0,180381.0
GA,40,40,60.0,5926190.0
MIMIC,40,40,15.0,1.36903777E8
RHC,40,50,4.0,98855.0
SA,40,50,1.0,165415.0
GA,40,50,63.0,5377958.0
MIMIC,40,50,16.0,1.69339694E8
RHC,40,60,9.0,128787.0
SA,40,60,3.0,198892.0
GA,40,60,16.0,6767050.0
MIMIC,40,60,11.0,2.49374573E8
RHC,40,70,5.0,108307.0
SA,40,70,2.0,169354.0
GA,40,70,12.0,5395287.0
MIMIC,40,70,21.0,2.27688269E8
RHC,40,80,7.0,98461.0
SA,40,80,3.0,147298.0
GA,40,80,9.0,4769860.0
MIMIC,40,80,16.0,2.21986966E8
RHC,40,90,5.0,96886.0
SA,40,90,3.0,126424.0
GA,40,90,9.0,4086538.0
MIMIC,40,90,20.0,2.45354201E8
RHC,40,100,21.0,104763.0
SA,40,100,3.0,3303575.0
GA,40,100,11.0,8736670.0
MIMIC,40,100,18.0,5.14089421E8
RHC,50,10,10.0,65772.0
SA,50,10,17.0,111852.0
GA,50,10,17.0,3313814.0
MIMIC,50,10,17.0,1.6609244E7
RHC,50,20,20.0,67348.0
SA,50,20,3.0,113427.0
GA,50,20,35.0,3747044.0
MIMIC,50,20,35.0,3.7785912E7
RHC,50,30,30.0,82314.0
SA,50,30,1.0,125637.0
GA,50,30,48.0,4021160.0
MIMIC,50,30,41.0,5.9730578E7
RHC,50,40,18.0,80344.0
SA,50,40,1.0,122880.0
GA,50,40,57.0,3893160.0
MIMIC,50,40,28.0,1.40282576E8
RHC,50,50,7.0,140209.0
SA,50,50,4.0,230794.0
GA,50,50,8.0,7701251.0
MIMIC,50,50,73.0,2.0400714E8
RHC,50,60,16.0,134302.0
SA,50,60,5.0,191015.0
GA,50,60,17.0,6283014.0
MIMIC,50,60,19.0,2.15918597E8
RHC,50,70,10.0,115397.0
SA,50,70,3.0,166990.0
GA,50,70,13.0,5361417.0
MIMIC,50,70,22.0,2.10335446E8
RHC,50,80,1.0,100824.0
SA,50,80,1.0,141390.0
GA,50,80,16.0,4734415.0
MIMIC,50,80,19.0,2.40016021E8
RHC,50,90,3.0,121304.0
SA,50,90,1.0,152812.0
GA,50,90,16.0,5104629.0
MIMIC,50,90,11.0,3.37346223E8
RHC,50,100,2.0,229612.0
SA,50,100,0.0,315076.0
GA,50,100,12.0,1.0767336E7
MIMIC,50,100,25.0,5.51997426E8
RHC,60,10,17.0,68923.0
SA,60,10,17.0,126818.0
GA,60,10,17.0,3638343.0
MIMIC,60,10,16.0,1.8265757E7
RHC,60,20,20.0,63803.0
SA,60,20,2.0,113821.0
GA,60,20,35.0,3705690.0
MIMIC,60,20,33.0,3.7202233E7
RHC,60,30,14.0,75618.0
SA,60,30,11.0,127999.0
GA,60,30,42.0,3956963.0
MIMIC,60,30,50.0,6.1864826E7
RHC,60,40,20.0,85859.0
SA,60,40,7.0,123273.0
GA,60,40,59.0,3950662.0
MIMIC,60,40,24.0,9.4082947E7
RHC,60,50,20.0,91766.0
SA,60,50,4.0,132725.0
GA,60,50,69.0,4443756.0
MIMIC,60,50,18.0,1.2893668E8
RHC,60,60,8.0,99643.0
SA,60,60,0.0,142965.0
GA,60,60,10.0,4617443.0
MIMIC,60,60,26.0,3.09631329E8
RHC,60,70,17.0,178806.0
SA,60,70,7.0,271753.0
GA,60,70,14.0,9018270.0
MIMIC,60,70,22.0,3.66450997E8
RHC,60,80,4.0,218190.0
SA,60,80,3.0,332406.0
GA,60,80,13.0,1.1363619E7
MIMIC,60,80,25.0,4.54985451E8
RHC,60,90,13.0,157539.0
SA,60,90,6.0,207556.0
GA,60,90,9.0,6845032.0
MIMIC,60,90,28.0,3.50448668E8
RHC,60,100,6.0,150843.0
SA,60,100,3.0,207556.0
GA,60,100,12.0,6252688.0
MIMIC,60,100,22.0,4.78839086E8
