Algorithm,Iteration,N,Evaluation,TrainingTime
RHC,10,10,10.0,9050565.0
SA,10,10,10.0,3726171.0
GA,10,10,10.0,9327832.0
MIMIC,10,10,10.0,3.1950306E7
RHC,10,20,20.0,697894.0
SA,10,20,20.0,1240613.0
GA,10,20,17.0,1767971.0
MIMIC,10,20,19.0,3.9239201E7
RHC,10,30,30.0,738066.0
SA,10,30,30.0,1265031.0
GA,10,30,23.0,916084.0
MIMIC,10,30,26.0,3.7212079E7
RHC,10,40,40.0,591949.0
SA,10,40,40.0,1072834.0
GA,10,40,29.0,852281.0
MIMIC,10,40,35.0,4.962884E7
RHC,10,50,50.0,734915.0
SA,10,50,50.0,1286298.0
GA,10,50,32.0,1036207.0
MIMIC,10,50,43.0,5.1881636E7
RHC,10,60,60.0,654965.0
SA,10,60,60.0,1032662.0
GA,10,60,37.0,813684.0
MIMIC,10,60,49.0,6.4569362E7
RHC,20,10,10.0,498609.0
SA,20,10,10.0,2003098.0
GA,20,10,10.0,521845.0
MIMIC,20,10,9.0,5953365.0
RHC,20,20,20.0,586041.0
SA,20,20,20.0,1975528.0
GA,20,20,16.0,674657.0
MIMIC,20,20,17.0,1.4509655E7
RHC,20,30,30.0,711284.0
SA,20,30,30.0,1409573.0
GA,20,30,19.0,836527.0
MIMIC,20,30,29.0,2.1780827E7
RHC,20,40,40.0,859370.0
SA,20,40,40.0,1545449.0
GA,20,40,27.0,889696.0
MIMIC,20,40,34.0,3.4243274E7
RHC,20,50,50.0,888909.0
SA,20,50,50.0,1485191.0
GA,20,50,33.0,840466.0
MIMIC,20,50,45.0,7.0955169E7
RHC,20,60,60.0,1463529.0
SA,20,60,60.0,2220893.0
GA,20,60,41.0,1312686.0
MIMIC,20,60,51.0,8.0355863E7
RHC,30,10,10.0,1098828.0
SA,30,10,10.0,2637976.0
GA,30,10,10.0,779026.0
MIMIC,30,10,9.0,8595280.0
RHC,30,20,20.0,1296539.0
SA,30,20,20.0,2901065.0
GA,30,20,16.0,1073229.0
MIMIC,30,20,17.0,2.2112444E7
RHC,30,30,30.0,1374914.0
SA,30,30,30.0,2752585.0
GA,30,30,22.0,1205560.0
MIMIC,30,30,26.0,3.3740333E7
RHC,30,40,40.0,1548993.0
SA,30,40,40.0,2921545.0
GA,30,40,26.0,1468255.0
MIMIC,30,40,37.0,5.3063565E7
RHC,30,50,50.0,1502913.0
SA,30,50,50.0,2594653.0
GA,30,50,29.0,1567504.0
MIMIC,30,50,41.0,6.8650387E7
RHC,30,60,60.0,1605314.0
SA,30,60,60.0,2556844.0
GA,30,60,44.0,1565535.0
MIMIC,30,60,58.0,8.8875525E7
RHC,40,10,10.0,694743.0
SA,40,10,10.0,2026334.0
GA,40,10,8.0,608097.0
MIMIC,40,10,10.0,6392109.0
RHC,40,20,20.0,4619411.0
SA,40,20,20.0,2350469.0
GA,40,20,18.0,909782.0
MIMIC,40,20,20.0,1.830593E7
RHC,40,30,30.0,1395394.0
SA,40,30,30.0,3050726.0
GA,40,30,18.0,1388698.0
MIMIC,40,30,25.0,3.5742643E7
RHC,40,40,40.0,1601769.0
SA,40,40,40.0,2333140.0
GA,40,40,27.0,1352071.0
MIMIC,40,40,36.0,4.4122095E7
RHC,40,50,50.0,1016515.0
SA,40,50,50.0,2581262.0
GA,40,50,34.0,1540723.0
MIMIC,40,50,46.0,5.9823526E7
RHC,40,60,60.0,1014546.0
SA,40,60,60.0,2283515.0
GA,40,60,37.0,1627763.0
MIMIC,40,60,55.0,7.8140876E7
RHC,50,10,10.0,496639.0
SA,50,10,10.0,1959381.0
GA,50,10,10.0,592343.0
MIMIC,50,10,9.0,5490598.0
RHC,50,20,20.0,599827.0
SA,50,20,20.0,2049177.0
GA,50,20,15.0,818017.0
MIMIC,50,20,18.0,1.4690036E7
RHC,50,30,30.0,723100.0
SA,50,30,30.0,2216561.0
GA,50,30,20.0,1047629.0
MIMIC,50,30,27.0,2.6256091E7
RHC,50,40,40.0,838103.0
SA,50,40,40.0,2111798.0
GA,50,40,28.0,1180748.0
MIMIC,50,40,38.0,3.9503471E7
RHC,50,50,50.0,938533.0
SA,50,50,50.0,2262641.0
GA,50,50,30.0,1439111.0
MIMIC,50,50,46.0,5.6420309E7
RHC,50,60,60.0,4100324.0
SA,50,60,60.0,2213017.0
GA,50,60,36.0,1537178.0
MIMIC,50,60,56.0,7.6298863E7
RHC,60,10,10.0,508454.0
SA,60,10,10.0,2010974.0
GA,60,10,10.0,616368.0
MIMIC,60,10,9.0,5294462.0
RHC,60,20,20.0,608491.0
SA,60,20,20.0,2125584.0
GA,60,20,15.0,809746.0
MIMIC,60,20,19.0,1.3992142E7
RHC,60,30,30.0,738066.0
SA,60,30,30.0,2259490.0
GA,60,30,22.0,1071653.0
MIMIC,60,30,27.0,2.6834255E7
RHC,60,40,40.0,877882.0
SA,60,40,40.0,2368980.0
GA,60,40,22.0,1357978.0
MIMIC,60,40,37.0,4.3870035E7
RHC,60,50,50.0,1054324.0
SA,60,50,50.0,2504857.0
GA,60,50,36.0,1558446.0
MIMIC,60,50,47.0,6.5593359E7
RHC,60,60,60.0,1202804.0
SA,60,60,60.0,2665939.0
GA,60,60,33.0,1916057.0
MIMIC,60,60,57.0,1.4928391E8
RHC,10,10,10.0,196135.0
SA,10,10,10.0,636060.0
GA,10,10,8.0,205587.0
MIMIC,10,10,10.0,2308721.0
RHC,10,20,20.0,231581.0
SA,10,20,20.0,706559.0
GA,10,20,16.0,313107.0
MIMIC,10,20,18.0,6364934.0
RHC,10,30,30.0,303261.0
SA,10,30,30.0,732159.0
GA,10,30,22.0,415900.0
MIMIC,10,30,27.0,1.2533339E7
RHC,10,40,40.0,350523.0
SA,10,40,40.0,786903.0
GA,10,40,31.0,527358.0
MIMIC,10,40,36.0,2.0463808E7
RHC,10,50,50.0,433623.0
SA,10,50,50.0,845980.0
GA,10,50,35.0,636060.0
MIMIC,10,50,43.0,3.0693546E7
RHC,10,60,60.0,443076.0
SA,10,60,60.0,886940.0
GA,10,60,37.0,754213.0
MIMIC,10,60,50.0,4.2840129E7
RHC,20,10,10.0,350523.0
SA,20,10,10.0,1279603.0
GA,20,10,8.0,340676.0
MIMIC,20,10,10.0,3825419.0
RHC,20,20,20.0,418264.0
SA,20,20,20.0,1358373.0
GA,20,20,18.0,522633.0
MIMIC,20,20,18.0,1.0691719E7
RHC,20,30,30.0,507272.0
SA,20,30,30.0,1439110.0
GA,20,30,23.0,710891.0
MIMIC,20,30,29.0,1.9689508E7
RHC,20,40,40.0,582103.0
SA,20,40,40.0,1511972.0
GA,20,40,29.0,910570.0
MIMIC,20,40,35.0,3.2837246E7
RHC,20,50,50.0,695925.0
SA,20,50,50.0,1634851.0
GA,20,50,35.0,1101980.0
MIMIC,20,50,45.0,4.4420236E7
RHC,20,60,60.0,699076.0
SA,20,60,60.0,1482040.0
GA,20,60,41.0,1125216.0
MIMIC,20,60,51.0,5.7326152E7
RHC,30,10,10.0,386362.0
SA,30,10,10.0,1495430.0
GA,30,10,9.0,374153.0
MIMIC,30,10,10.0,4244865.0
RHC,30,20,20.0,467888.0
SA,30,20,20.0,1558840.0
GA,30,20,19.0,575408.0
MIMIC,30,20,18.0,1.1625525E7
RHC,30,30,30.0,578953.0
SA,30,30,30.0,1702200.0
GA,30,30,25.0,764060.0
MIMIC,30,30,28.0,2.2157737E7
RHC,30,40,40.0,708134.0
SA,30,40,40.0,1760095.0
GA,30,40,30.0,986582.0
MIMIC,30,40,35.0,3.4934866E7
RHC,30,50,50.0,723100.0
SA,30,50,50.0,1680932.0
GA,30,50,32.0,1073228.0
MIMIC,30,50,46.0,4.841304E7
RHC,30,60,60.0,819592.0
SA,30,60,60.0,1782544.0
GA,30,60,40.0,1274484.0
MIMIC,30,60,56.0,6.33063E7
RHC,40,10,10.0,415113.0
SA,40,10,10.0,1638003.0
GA,40,10,9.0,393845.0
MIMIC,40,10,10.0,4511892.0
RHC,40,20,20.0,503335.0
SA,40,20,20.0,1803023.0
GA,40,20,16.0,618731.0
MIMIC,40,20,19.0,1.2052848E7
RHC,40,30,30.0,621882.0
SA,40,30,30.0,1853436.0
GA,40,30,23.0,803050.0
MIMIC,40,30,29.0,2.7401786E7
RHC,40,40,40.0,714436.0
SA,40,40,40.0,1949140.0
GA,40,40,30.0,1114582.0
MIMIC,40,40,37.0,3.6544512E7
RHC,40,50,50.0,784146.0
SA,40,50,50.0,1862494.0
GA,40,50,34.0,1169720.0
MIMIC,40,50,46.0,5.0511054E7
RHC,40,60,60.0,889696.0
SA,40,60,60.0,1992857.0
GA,40,60,41.0,1376883.0
MIMIC,40,60,54.0,6.6750477E7
RHC,50,10,10.0,435987.0
SA,50,10,10.0,1715591.0
GA,50,10,8.0,408024.0
MIMIC,50,10,10.0,4679276.0
RHC,50,20,20.0,531298.0
SA,50,20,20.0,1814051.0
GA,50,20,15.0,616762.0
MIMIC,50,20,20.0,1.2635345E7
RHC,50,30,30.0,640787.0
SA,50,30,30.0,1949928.0
GA,50,30,22.0,853069.0
MIMIC,50,30,27.0,2.3632294E7
RHC,50,40,40.0,744368.0
SA,50,40,40.0,1938900.0
GA,50,40,30.0,1029512.0
MIMIC,50,40,37.0,3.7961173E7
RHC,50,50,50.0,862128.0
SA,50,50,50.0,2127946.0
GA,50,50,34.0,1250853.0
MIMIC,50,50,46.0,5.3893791E7
RHC,50,60,60.0,1020454.0
SA,50,60,60.0,2218925.0
GA,50,60,37.0,1459984.0
MIMIC,50,60,57.0,8.1685878E7
RHC,60,10,10.0,500184.0
SA,60,10,10.0,1998765.0
GA,60,10,10.0,470645.0
MIMIC,60,10,10.0,5319275.0
RHC,60,20,20.0,606916.0
SA,60,20,20.0,2121251.0
GA,60,20,14.0,725463.0
MIMIC,60,20,18.0,1.4331637E7
RHC,60,30,30.0,744367.0
SA,60,30,30.0,2281546.0
GA,60,30,24.0,942865.0
MIMIC,60,30,28.0,2.7446685E7
RHC,60,40,40.0,883789.0
SA,60,40,40.0,2404031.0
GA,60,40,26.0,1211862.0
MIMIC,60,40,38.0,4.4931448E7
RHC,60,50,50.0,1049204.0
SA,60,50,50.0,2528093.0
GA,60,50,33.0,1466286.0
MIMIC,60,50,47.0,6.3547727E7
RHC,60,60,60.0,1165782.0
SA,60,60,60.0,2642702.0
GA,60,60,42.0,1747492.0
MIMIC,60,60,54.0,9.0407189E7
RHC,10,10,10.0,90191.0
SA,10,10,10.0,289476.0
GA,10,10,9.0,95705.0
MIMIC,10,10,10.0,1031875.0
RHC,10,20,20.0,105550.0
SA,10,20,20.0,298929.0
GA,10,20,17.0,142965.0
MIMIC,10,20,19.0,2901065.0
RHC,10,30,30.0,136664.0
SA,10,30,30.0,342251.0
GA,10,30,22.0,193772.0
MIMIC,10,30,26.0,9233309.0
RHC,10,40,40.0,162658.0
SA,10,40,40.0,355643.0
GA,10,40,26.0,270966.0
MIMIC,10,40,37.0,9504275.0
RHC,10,50,50.0,187864.0
SA,10,50,50.0,382817.0
GA,10,50,37.0,298535.0
MIMIC,10,50,45.0,1.4118961E7
RHC,10,60,60.0,216615.0
SA,10,60,60.0,409599.0
GA,10,60,39.0,349341.0
MIMIC,10,60,47.0,1.9474469E7
RHC,20,10,10.0,170535.0
SA,20,10,10.0,638817.0
GA,20,10,10.0,168565.0
MIMIC,20,10,10.0,1885338.0
RHC,20,20,20.0,205194.0
SA,20,20,20.0,668750.0
GA,20,20,16.0,255605.0
MIMIC,20,20,19.0,5220026.0
RHC,20,30,30.0,257575.0
SA,20,30,30.0,712073.0
GA,20,30,20.0,346977.0
MIMIC,20,30,28.0,9842588.0
RHC,20,40,40.0,299322.0
SA,20,40,40.0,758546.0
GA,20,40,30.0,463556.0
MIMIC,20,40,35.0,1.666517E7
RHC,20,50,50.0,356824.0
SA,20,50,50.0,826681.0
GA,20,50,33.0,547839.0
MIMIC,20,50,44.0,2.5007602E7
RHC,20,60,60.0,420627.0
SA,20,60,60.0,920810.0
GA,20,60,38.0,647481.0
MIMIC,20,60,52.0,3.4425624E7
RHC,30,10,10.0,253243.0
SA,30,10,10.0,1002730.0
GA,30,10,9.0,245759.0
MIMIC,30,10,10.0,2819932.0
RHC,30,20,20.0,304443.0
SA,30,20,20.0,1023210.0
GA,30,20,17.0,378092.0
MIMIC,30,20,18.0,7386963.0
RHC,30,30,30.0,372972.0
SA,30,30,30.0,1101979.0
GA,30,30,22.0,519876.0
MIMIC,30,30,27.0,1.4536437E7
RHC,30,40,40.0,452135.0
SA,30,40,40.0,1155148.0
GA,30,40,25.0,639211.0
MIMIC,30,40,38.0,2.3570065E7
RHC,30,50,50.0,520663.0
SA,30,50,50.0,1245338.0
GA,30,50,29.0,789266.0
MIMIC,30,50,42.0,3.5049081E7
RHC,30,60,60.0,599433.0
SA,30,60,60.0,1322139.0
GA,30,60,45.0,912933.0
MIMIC,30,60,51.0,4.8228326E7
RHC,40,10,10.0,350522.0
SA,40,10,10.0,1324108.0
GA,40,10,9.0,319803.0
MIMIC,40,10,10.0,3778552.0
RHC,40,20,20.0,441107.0
SA,40,20,20.0,1368219.0
GA,40,20,13.0,491913.0
MIMIC,40,20,20.0,9661419.0
RHC,40,30,30.0,513574.0
SA,40,30,30.0,1482433.0
GA,40,30,24.0,677808.0
MIMIC,40,30,28.0,1.8833289E7
RHC,40,40,40.0,587223.0
SA,40,40,40.0,1563566.0
GA,40,40,29.0,833377.0
MIMIC,40,40,37.0,3.0924339E7
RHC,40,50,50.0,695531.0
SA,40,50,50.0,1688021.0
GA,40,50,38.0,1028724.0
MIMIC,40,50,47.0,4.3523056E7
RHC,40,60,60.0,808958.0
SA,40,60,60.0,1750643.0
GA,40,60,39.0,1209499.0
MIMIC,40,60,52.0,6.2248825E7
RHC,50,10,10.0,424959.0
SA,50,10,10.0,1694716.0
GA,50,10,9.0,400934.0
MIMIC,50,10,10.0,4485898.0
RHC,50,20,20.0,515543.0
SA,50,20,20.0,1750642.0
GA,50,20,18.0,591556.0
MIMIC,50,20,18.0,1.2011494E7
RHC,50,30,30.0,629759.0
SA,50,30,30.0,1871947.0
GA,50,30,19.0,814472.0
MIMIC,50,30,30.0,2.3125021E7
RHC,50,40,40.0,730583.0
SA,50,40,40.0,1992464.0
GA,50,40,25.0,1032269.0
MIMIC,50,40,39.0,3.76587E7
RHC,50,50,50.0,863309.0
SA,50,50,50.0,2098408.0
GA,50,50,35.0,1252822.0
MIMIC,50,50,47.0,5.4226196E7
RHC,50,60,60.0,986977.0
SA,50,60,60.0,2201596.0
GA,50,60,40.0,1479283.0
MIMIC,50,60,55.0,8.0831234E7
RHC,60,10,10.0,505304.0
SA,60,10,10.0,1999947.0
GA,60,10,8.0,498608.0
MIMIC,60,10,10.0,5348419.0
RHC,60,20,20.0,610854.0
SA,60,20,20.0,2125189.0
GA,60,20,11.0,721918.0
MIMIC,60,20,20.0,1.4225692E7
RHC,60,30,30.0,735703.0
SA,60,30,30.0,2277608.0
GA,60,30,22.0,962557.0
MIMIC,60,30,27.0,2.7225738E7
RHC,60,40,40.0,860552.0
SA,60,40,40.0,2372130.0
GA,60,40,25.0,1218164.0
MIMIC,60,40,38.0,4.4671509E7
RHC,60,50,50.0,1030693.0
SA,60,50,50.0,2545029.0
GA,60,50,30.0,1519849.0
MIMIC,60,50,46.0,6.657876E7
RHC,60,60,60.0,1198865.0
SA,60,60,60.0,2682481.0
GA,60,60,42.0,1718347.0
MIMIC,60,60,57.0,1.01189098E8
RHC,10,10,10.0,90978.0
SA,10,10,10.0,296172.0
GA,10,10,9.0,96492.0
MIMIC,10,10,10.0,1056687.0
RHC,10,20,20.0,107914.0
SA,10,20,20.0,309562.0
GA,10,20,14.0,138240.0
MIMIC,10,20,18.0,3083021.0
RHC,10,30,30.0,133514.0
SA,10,30,30.0,332799.0
GA,10,30,23.0,184714.0
MIMIC,10,30,25.0,6059704.0
RHC,10,40,40.0,178018.0
SA,10,40,40.0,356036.0
GA,10,40,27.0,238276.0
MIMIC,10,40,33.0,9768939.0
RHC,10,50,50.0,186288.0
SA,10,50,50.0,388332.0
GA,10,50,35.0,292627.0
MIMIC,10,50,41.0,1.4242234E7
RHC,10,60,60.0,214646.0
SA,10,60,60.0,408417.0
GA,10,60,41.0,343827.0
MIMIC,10,60,48.0,2.0372042E7
RHC,20,10,10.0,177230.0
SA,20,10,10.0,623851.0
GA,20,10,9.0,163840.0
MIMIC,20,10,9.0,1918027.0
RHC,20,20,20.0,208738.0
SA,20,20,20.0,657328.0
GA,20,20,14.0,253242.0
MIMIC,20,20,19.0,5197183.0
RHC,20,30,30.0,251667.0
SA,20,30,30.0,736885.0
GA,20,30,25.0,347765.0
MIMIC,20,30,29.0,1.0128126E7
RHC,20,40,40.0,304048.0
SA,20,40,40.0,762091.0
GA,20,40,30.0,442682.0
MIMIC,20,40,35.0,1.7352036E7
RHC,20,50,50.0,362338.0
SA,20,50,50.0,840072.0
GA,20,50,31.0,540750.0
MIMIC,20,50,44.0,2.5293533E7
RHC,20,60,60.0,400147.0
SA,20,60,60.0,873943.0
GA,20,60,37.0,654965.0
MIMIC,20,60,55.0,3.4618608E7
RHC,30,10,10.0,258362.0
SA,30,10,10.0,973586.0
GA,30,10,9.0,246153.0
MIMIC,30,10,10.0,2795908.0
RHC,30,20,20.0,310744.0
SA,30,20,20.0,1034237.0
GA,30,20,18.0,380454.0
MIMIC,30,20,18.0,7485818.0
RHC,30,30,30.0,374941.0
SA,30,30,30.0,1114976.0
GA,30,30,19.0,503334.0
MIMIC,30,30,26.0,1.4799525E7
RHC,30,40,40.0,434411.0
SA,30,40,40.0,1172871.0
GA,30,40,27.0,643543.0
MIMIC,30,40,34.0,2.3789832E7
RHC,30,50,50.0,547445.0
SA,30,50,50.0,1246914.0
GA,30,50,35.0,792417.0
MIMIC,30,50,47.0,3.515857E7
RHC,30,60,60.0,607309.0
SA,30,60,60.0,1325290.0
GA,30,60,40.0,928294.0
MIMIC,30,60,53.0,5.3016304E7
RHC,40,10,10.0,344615.0
SA,40,10,10.0,1317807.0
GA,40,10,9.0,320590.0
MIMIC,40,10,9.0,3734442.0
RHC,40,20,20.0,413144.0
SA,40,20,20.0,1401302.0
GA,40,20,15.0,496246.0
MIMIC,40,20,19.0,9928840.0
RHC,40,30,30.0,500184.0
SA,40,30,30.0,1508821.0
GA,40,30,26.0,649451.0
MIMIC,40,30,26.0,1.914797E7
RHC,40,40,40.0,580528.0
SA,40,40,40.0,1575775.0
GA,40,40,26.0,842829.0
MIMIC,40,40,37.0,3.1500141E7
RHC,40,50,50.0,703408.0
SA,40,50,50.0,1688414.0
GA,40,50,32.0,1018484.0
MIMIC,40,50,46.0,4.5977106E7
RHC,40,60,60.0,788479.0
SA,40,60,60.0,1775848.0
GA,40,60,43.0,1185081.0
MIMIC,40,60,52.0,6.4307849E7
RHC,50,10,10.0,419445.0
SA,50,10,10.0,1676993.0
GA,50,10,9.0,396996.0
MIMIC,50,10,10.0,4543793.0
RHC,50,20,20.0,506485.0
SA,50,20,20.0,1738039.0
GA,50,20,15.0,604553.0
MIMIC,50,20,20.0,1.2070571E7
RHC,50,30,30.0,630153.0
SA,50,30,30.0,1884944.0
GA,50,30,24.0,831801.0
MIMIC,50,30,27.0,2.3699247E7
RHC,50,40,40.0,727432.0
SA,50,40,40.0,1951110.0
GA,50,40,29.0,1030299.0
MIMIC,50,40,36.0,3.8047819E7
RHC,50,50,50.0,869216.0
SA,50,50,50.0,7147505.0
GA,50,50,34.0,2653730.0
MIMIC,50,50,46.0,1.19428467E8
RHC,50,60,60.0,2053510.0
SA,50,60,60.0,4748199.0
GA,50,60,34.0,3119648.0
MIMIC,50,60,56.0,1.55019086E8
RHC,60,10,10.0,863703.0
SA,60,10,10.0,3497346.0
GA,60,10,9.0,804232.0
MIMIC,60,10,10.0,9337678.0
RHC,60,20,20.0,1061019.0
SA,60,20,20.0,3669063.0
GA,60,20,15.0,1205166.0
MIMIC,60,20,19.0,2.5574739E7
RHC,60,30,30.0,1291813.0
SA,60,30,30.0,3902613.0
GA,60,30,24.0,1672661.0
MIMIC,60,30,27.0,4.404884E7
RHC,60,40,40.0,1326471.0
SA,60,40,40.0,3615894.0
GA,60,40,29.0,1850285.0
MIMIC,60,40,38.0,6.721994E7
RHC,60,50,50.0,1424539.0
SA,60,50,50.0,3463476.0
GA,60,50,34.0,1975134.0
MIMIC,60,50,47.0,9.4899782E7
RHC,60,60,60.0,1626975.0
SA,60,60,60.0,3368165.0
GA,60,60,45.0,2141731.0
MIMIC,60,60,56.0,1.12833527E8
