Iteration,RHC,SA,GA
0,86.325,56.333,48.166
1,83.594,58.887,61.091
2,83.465,58.844,35.415
3,83.449,58.948,47.581
4,83.428,58.872,27.214
5,83.843,59.236,30.568
6,83.481,57.151,27.735
7,85.521,57.211,8.688
8,83.372,57.267,15.081
9,83.888,56.791,19.588
10,81.063,56.339,13.970
11,79.517,55.254,18.500
12,80.371,55.250,49.795
13,79.519,54.664,16.172
14,77.818,55.087,14.136
15,77.871,55.133,14.864
16,77.956,54.405,11.706
17,77.413,54.479,16.212
18,77.453,54.114,26.465
19,76.449,54.216,8.609
20,76.370,55.042,18.454
21,76.468,54.554,8.736
22,76.056,54.486,8.385
23,75.452,56.653,15.317
24,75.359,56.644,8.514
25,75.389,56.517,10.176
26,75.027,56.103,9.193
27,74.806,56.119,9.995
28,74.795,56.048,7.052
29,75.227,56.768,8.326
30,74.826,56.347,7.046
31,76.633,54.899,6.594
32,75.184,54.942,11.226
33,73.672,54.888,10.321
34,74.931,54.883,7.340
35,73.778,55.165,9.454
36,73.687,55.172,6.163
37,73.091,57.229,7.691
38,73.091,57.226,5.634
39,75.973,59.107,6.817
40,74.697,59.791,9.106
41,73.066,59.822,8.744
42,71.594,59.713,7.539
43,67.781,59.781,9.703
44,67.932,59.781,8.212
45,69.522,59.168,5.320
46,66.915,58.864,6.110
47,66.869,58.871,6.559
48,67.467,58.913,6.057
49,67.111,58.950,7.644
50,70.428,58.729,7.985
51,66.873,58.891,6.436
52,67.293,58.012,5.629
53,66.450,57.799,7.866
54,66.448,57.817,4.994
55,66.289,58.441,6.994
56,66.118,58.441,5.983
57,66.313,58.030,5.978
58,65.621,57.999,6.389
59,66.362,58.513,5.602
60,63.984,58.864,5.288
61,63.929,58.616,5.529
62,63.298,58.529,5.972
63,70.268,58.504,5.453
64,64.046,58.743,4.520
65,63.622,58.047,5.109
66,65.153,57.925,5.173
67,62.635,57.361,5.885
68,61.557,57.173,5.917
69,61.301,59.029,6.317
70,60.501,59.244,5.308
71,61.217,59.486,7.490
72,61.287,59.415,5.622
73,60.440,59.558,4.527
74,62.446,61.174,5.570
75,60.492,61.067,7.183
76,60.349,61.311,5.648
77,60.309,61.935,4.594
78,61.284,62.433,4.984
79,60.106,63.808,5.354
80,60.088,64.351,6.398
81,60.048,64.459,5.418
82,60.057,64.579,5.072
83,60.131,64.728,5.443
84,59.838,64.664,5.746
85,59.574,64.606,6.527
86,60.376,64.662,5.142
87,59.161,64.706,4.552
88,59.113,64.919,5.015
89,59.380,64.829,6.171
90,59.193,65.477,5.225
91,59.095,65.833,4.984
92,59.006,65.174,5.316
93,58.851,65.289,4.556
94,59.479,65.243,4.581
95,60.275,65.040,5.659
96,58.876,64.661,5.287
97,58.117,64.638,5.811
98,57.286,64.984,4.418
99,56.935,64.607,4.837
100,56.808,65.490,5.258
101,57.575,66.057,3.982
102,56.570,66.065,5.148
103,56.490,66.063,5.389
104,55.935,63.961,3.902
105,55.946,61.438,6.072
106,55.979,61.374,5.103
107,53.970,61.210,5.359
108,54.551,59.798,4.180
109,53.805,63.023,4.853
110,53.741,63.052,4.593
111,53.401,64.645,3.877
112,52.577,64.876,3.836
113,52.779,64.576,4.292
114,52.573,65.152,4.366
115,52.618,65.874,4.045
116,53.510,64.960,4.496
117,52.362,64.926,4.572
118,52.519,64.729,6.086
119,51.946,64.538,3.962
120,52.028,64.087,5.148
121,51.919,63.916,4.886
122,51.988,63.710,4.512
123,50.128,63.846,4.771
124,50.210,64.189,4.293
125,51.352,64.198,5.028
126,49.592,63.930,5.791
127,49.456,64.177,4.264
128,50.131,64.100,5.246
129,45.054,64.222,3.943
130,45.582,64.658,3.708
131,46.449,64.618,5.080
132,44.628,64.432,4.187
133,44.849,62.662,3.607
134,44.496,61.530,3.871
135,44.560,62.001,4.346
136,44.463,61.974,4.089
137,44.418,62.105,3.453
138,43.834,61.883,3.916
139,43.906,61.994,4.526
140,43.795,61.826,3.431
141,43.485,61.848,4.893
142,43.184,61.326,3.898
143,42.729,64.197,3.982
144,42.590,64.211,4.208
145,42.338,64.208,3.738
146,43.356,63.211,3.612
147,42.437,63.228,4.047
148,42.344,63.198,3.980
149,42.397,62.496,3.455
150,42.352,63.810,4.009
151,41.961,66.119,3.743
152,41.218,66.422,3.505
153,41.213,66.449,3.704
154,42.070,66.051,3.507
155,41.326,65.928,3.249
156,41.808,65.865,3.733
157,41.039,65.636,4.116
158,41.212,64.401,3.608
159,41.319,64.111,3.859
160,41.337,63.494,3.471
161,40.849,63.678,4.311
162,40.833,63.536,3.593
163,40.833,61.534,4.652
164,41.020,61.635,4.382
165,41.417,62.035,3.943
166,40.845,61.983,3.804
167,40.073,61.435,3.523
168,38.650,64.023,4.523
169,39.031,63.968,3.382
170,38.218,63.537,3.447
171,38.209,63.934,3.272
172,38.213,64.344,3.506
173,38.134,64.420,4.244
174,38.189,64.419,3.180
175,38.039,64.404,3.385
176,39.387,64.676,3.523
177,38.387,64.718,3.191
178,38.043,64.367,3.559
179,38.081,64.453,3.477
180,38.052,64.268,3.648
181,38.040,63.613,3.544
182,37.655,63.613,3.353
183,38.042,63.817,3.317
184,38.217,63.995,3.572
185,38.419,62.053,3.521
186,37.268,61.162,3.322
187,37.668,61.144,3.299
188,37.353,64.465,3.424
189,37.296,64.473,3.651
190,37.242,64.497,3.892
191,36.526,65.118,3.628
192,36.581,64.950,3.657
193,35.570,64.915,3.318
194,35.654,64.916,3.921
195,35.936,64.146,3.132
196,34.728,64.593,3.212
197,34.532,64.286,3.442
198,33.729,64.429,4.276
199,33.977,64.761,3.021
200,33.059,73.374,3.548
201,33.178,73.274,3.454
202,32.952,73.152,3.650
203,32.911,73.206,3.094
204,33.201,73.683,3.208
205,32.732,73.706,3.344
206,32.729,73.886,3.039
207,32.737,73.832,3.717
208,32.144,73.257,3.233
209,31.937,74.325,3.421
210,31.936,72.364,3.247
211,31.956,72.339,3.122
212,31.777,72.110,3.900
213,31.771,71.982,3.593
214,31.835,71.755,3.196
215,31.763,71.731,3.499
216,31.825,71.818,3.184
217,31.845,72.403,3.508
218,31.654,73.707,3.477
219,31.716,73.649,3.327
220,31.451,71.096,3.262
221,31.510,71.073,2.897
222,31.460,72.909,2.762
223,32.038,72.849,3.092
224,31.578,72.453,3.281
225,31.468,72.488,3.232
226,31.934,72.521,3.366
227,31.430,72.450,3.203
228,31.680,73.097,3.280
229,31.347,73.042,3.032
230,29.338,72.963,2.955
231,25.088,73.094,3.171
232,25.086,61.412,3.599
233,25.065,61.417,3.128
234,24.970,61.296,3.203
235,24.868,60.386,3.378
236,24.817,60.094,3.153
237,24.299,60.647,3.177
238,24.251,60.447,2.936
239,24.918,54.923,2.966
240,24.337,55.542,2.859
241,24.251,54.661,3.074
242,24.052,54.721,3.135
243,24.065,54.603,3.036
244,24.035,56.339,3.092
245,24.065,56.113,3.281
246,23.949,56.113,2.825
247,23.956,57.030,2.786
248,24.148,56.878,2.673
249,23.977,56.030,2.997
250,23.888,55.395,2.948
251,23.677,55.079,2.819
252,23.656,55.026,2.876
253,23.638,54.661,3.108
254,23.848,54.611,3.048
255,23.510,54.516,3.203
256,23.535,55.065,2.929
257,23.498,54.885,3.040
258,23.154,54.017,2.999
259,23.157,53.776,2.870
260,22.997,53.770,2.900
261,23.085,53.789,2.843
262,23.182,53.763,2.815
263,22.883,53.768,2.796
264,22.869,53.768,2.822
265,22.913,53.625,3.109
266,22.872,53.562,3.099
267,22.831,54.245,2.892
268,22.885,54.271,2.838
269,22.623,53.683,3.028
270,23.471,53.452,2.863
271,22.883,53.210,3.128
272,22.379,53.532,2.984
273,22.340,52.023,3.585
274,22.637,51.995,2.624
275,21.943,51.940,2.667
276,22.132,52.244,2.838
277,21.746,51.794,2.680
278,21.642,51.563,2.790
279,21.706,52.113,2.725
280,21.502,52.072,2.867
281,21.262,52.141,2.917
282,21.301,52.180,2.811
283,21.227,51.734,2.872
284,21.159,55.981,2.654
285,21.125,56.091,3.040
286,21.125,57.134,3.041
287,21.110,57.150,2.568
288,21.095,56.132,2.741
289,21.220,56.434,2.959
290,21.079,56.131,2.781
291,21.114,56.232,3.294
292,21.135,55.966,3.066
293,20.833,59.746,2.914
294,20.653,61.523,2.667
295,20.443,62.409,2.827
296,20.418,63.518,2.743
297,20.589,63.519,2.893
298,20.536,63.042,2.973
299,20.284,62.978,2.746
300,20.341,62.960,2.886
301,19.847,61.391,2.944
302,19.881,61.409,2.896
303,19.741,63.483,2.953
304,19.496,63.732,2.613
305,19.126,64.399,2.924
306,19.131,64.408,3.111
307,19.170,66.575,2.729
308,19.126,65.548,2.702
309,19.202,66.846,2.733
310,19.133,66.601,2.970
311,19.263,66.771,2.662
312,19.291,66.605,2.838
313,19.062,66.525,2.831
314,19.119,66.813,2.963
315,18.939,66.398,2.702
316,18.672,66.565,2.721
317,18.552,66.583,2.921
318,18.558,69.765,2.736
319,19.797,70.839,2.833
320,18.424,69.910,2.898
321,18.705,69.951,2.809
322,18.370,70.550,2.573
323,18.344,70.242,2.742
324,18.330,70.233,2.600
325,18.419,70.804,2.848
326,18.332,70.179,3.049
327,17.957,71.378,2.745
328,17.982,71.347,2.685
329,17.867,71.343,2.909
330,18.126,71.449,2.872
331,17.865,71.457,2.714
332,17.850,70.822,2.649
333,17.961,70.872,2.691
334,17.853,70.422,2.782
335,17.758,70.411,2.624
336,18.175,70.460,2.741
337,17.536,70.442,2.745
338,17.544,70.439,2.839
339,17.554,71.910,2.779
340,17.612,72.481,2.762
341,17.536,72.487,2.853
342,17.489,71.372,2.780
343,17.825,71.377,2.631
344,17.314,72.235,2.603
345,17.242,72.235,2.874
346,17.316,71.844,2.806
347,17.376,72.083,2.955
348,17.236,72.103,2.621
349,17.018,70.870,2.737
350,16.958,70.828,2.703
351,16.924,70.853,2.647
352,16.961,70.767,2.969
353,16.936,70.833,2.770
354,17.076,70.751,2.666
355,16.930,70.743,2.827
356,16.826,70.743,2.939
357,16.864,70.901,2.660
358,16.797,71.205,2.794
359,16.873,71.477,2.819
360,16.705,71.643,2.614
361,16.664,70.644,2.840
362,16.720,70.815,2.737
363,16.560,70.763,2.737
364,16.308,70.536,2.626
365,16.353,68.211,2.767
366,16.366,68.230,2.694
367,16.459,68.230,2.617
368,16.296,70.473,2.758
369,16.563,68.677,2.673
370,16.258,68.360,2.726
371,16.259,68.298,2.826
372,16.248,68.295,2.578
373,16.312,68.229,2.694
374,16.336,69.540,2.663
375,16.226,69.912,2.635
376,16.211,68.471,2.763
377,16.217,70.299,2.939
378,16.160,70.773,2.708
379,16.185,70.742,2.826
380,16.057,70.956,2.659
381,16.004,75.816,2.686
382,15.940,76.166,2.597
383,16.115,76.168,2.630
384,15.956,75.740,2.717
385,15.688,75.707,2.607
386,15.677,75.474,2.538
387,15.450,83.571,2.746
388,15.214,83.861,2.583
389,15.206,84.308,2.774
390,15.067,87.688,2.630
391,14.993,87.825,2.586
392,15.072,87.644,2.663
393,15.006,87.837,2.572
394,15.002,87.913,2.546
395,14.994,85.508,2.575
396,14.949,85.943,2.585
397,14.890,85.605,2.670
398,14.965,78.708,2.546
399,14.930,78.637,2.500
400,14.751,78.687,2.750
401,14.696,79.281,2.557
402,14.685,79.428,2.589
403,14.701,76.156,2.600
404,14.757,76.133,2.639
405,14.662,77.551,2.583
406,14.572,69.443,2.843
407,14.634,69.280,2.819
408,14.768,69.377,2.673
409,14.502,69.797,2.819
410,14.459,69.655,2.673
411,14.150,72.529,2.713
412,14.188,72.639,2.661
413,14.136,73.082,2.694
414,14.147,72.978,2.735
415,14.054,73.418,2.622
416,13.737,69.152,2.876
417,13.737,69.209,2.615
418,13.847,72.812,2.611
419,13.674,72.832,2.575
420,13.660,74.106,2.563
421,13.658,73.920,2.623
422,13.656,74.078,2.573
423,13.649,73.784,2.521
424,15.228,73.782,2.498
425,13.692,73.824,2.644
426,13.631,73.948,2.636
427,13.645,74.112,2.633
428,13.576,72.936,2.575
429,13.767,72.916,2.441
430,13.550,72.849,2.634
431,13.849,72.886,2.564
432,13.853,74.531,2.541
433,13.333,75.052,2.460
434,13.407,75.585,2.603
435,13.347,75.657,2.506
436,13.263,75.137,2.539
437,13.299,75.110,2.618
438,13.399,75.354,2.493
439,13.255,70.605,2.493
440,13.299,70.470,2.608
441,13.515,70.181,2.678
442,13.135,70.138,2.584
443,13.211,70.261,2.472
444,13.091,71.018,2.574
445,13.009,71.295,2.630
446,13.094,72.626,2.608
447,12.990,72.539,2.499
448,12.758,73.596,2.597
449,12.724,73.516,2.589
450,12.886,72.606,2.600
451,12.980,72.646,2.630
452,12.766,74.788,2.674
453,12.568,74.696,2.560
454,12.572,74.696,2.545
455,12.568,74.874,2.566
456,12.562,75.009,2.535
457,12.669,75.028,2.613
458,12.621,74.841,2.587
459,13.466,74.766,2.454
460,12.612,74.638,2.643
461,12.790,74.679,2.472
462,12.675,75.371,2.518
463,12.558,75.358,2.550
464,12.571,75.696,2.601
465,12.558,76.459,2.471
466,12.446,76.456,2.407
467,12.406,76.447,2.467
468,12.136,76.427,2.597
469,12.155,76.671,2.552
470,12.129,74.144,2.586
471,12.028,74.325,2.586
472,11.991,74.373,2.497
473,11.941,74.583,2.641
474,11.861,74.774,2.437
475,11.985,75.355,2.489
476,11.805,75.858,2.494
477,11.629,76.076,2.435
478,11.570,77.410,2.391
479,11.572,77.461,2.629
480,11.577,77.021,2.529
481,11.608,76.918,2.498
482,11.576,76.646,2.540
483,11.662,76.660,2.478
484,11.501,76.702,2.501
485,11.486,76.615,2.748
486,11.498,76.840,2.479
487,11.460,76.847,2.494
488,11.498,77.451,2.503
489,11.500,76.991,2.387
490,11.483,76.296,2.466
491,11.555,76.160,2.501
492,11.456,76.140,2.511
493,11.473,76.797,2.551
494,11.570,76.255,2.479
495,11.353,76.637,2.444
496,11.308,77.494,2.489
497,10.973,75.515,2.503
498,11.439,75.277,2.488
499,10.912,75.310,2.567
500,10.809,75.211,2.563
501,10.782,75.203,2.424
502,10.910,75.528,2.407
503,10.781,75.472,2.421
504,10.862,73.629,2.485
505,10.777,73.846,2.422
506,10.872,73.845,2.485
507,10.777,74.472,2.557
508,10.765,73.069,2.309
509,10.735,73.743,2.468
510,10.696,72.761,2.657
511,10.688,72.192,2.486
512,10.685,72.151,2.520
513,10.630,71.199,2.480
514,10.589,71.717,2.496
515,10.725,71.311,2.494
516,10.581,72.312,2.472
517,10.508,72.896,2.498
518,10.465,74.638,2.455
519,10.527,74.324,2.399
520,10.465,73.633,2.548
521,10.498,73.467,2.452
522,10.430,72.674,2.471
523,10.399,72.574,2.499
524,10.490,73.426,2.578
525,10.343,73.427,2.520
526,10.347,73.212,2.456
527,10.326,72.503,2.535
528,10.358,73.655,2.474
529,10.396,71.632,2.576
530,10.237,70.865,2.423
531,10.235,71.133,2.459
532,10.198,71.143,2.447
533,10.092,71.296,2.431
534,10.093,71.162,2.420
535,10.046,71.163,2.524
536,9.986,71.284,2.505
537,9.903,71.239,2.418
538,9.973,69.874,2.561
539,9.741,66.107,2.515
540,9.519,66.662,2.423
541,9.657,66.731,2.423
542,9.507,66.866,2.567
543,9.511,66.856,2.469
544,9.504,66.856,2.609
545,9.420,66.859,2.415
546,9.402,67.022,2.440
547,9.584,66.131,2.399
548,9.364,66.854,2.532
549,9.327,66.550,2.478
550,9.350,65.965,2.525
551,9.325,67.982,2.544
552,9.320,67.854,2.547
553,9.319,67.466,2.522
554,9.319,67.504,2.565
555,9.317,69.309,2.420
556,9.283,70.260,2.612
557,9.266,70.862,2.462
558,9.250,70.883,2.444
559,9.315,70.517,2.424
560,9.219,70.627,2.517
561,9.226,70.696,2.485
562,9.399,70.657,2.592
563,9.218,70.194,2.445
564,9.358,69.167,2.526
565,9.187,69.176,2.451
566,9.196,69.791,2.497
567,9.253,69.464,2.398
568,9.176,69.859,2.554
569,8.893,70.645,2.462
570,8.953,70.301,2.467
571,8.880,70.693,2.402
572,8.876,70.577,2.503
573,8.832,71.664,2.496
574,8.852,71.735,2.460
575,8.825,72.012,2.487
576,8.806,72.018,2.407
577,8.758,73.227,2.480
578,8.747,73.415,2.469
579,8.756,74.520,2.466
580,8.753,75.302,2.450
581,8.929,72.542,2.438
582,8.447,74.441,2.557
583,8.415,74.419,2.503
584,8.433,76.050,2.521
585,8.415,76.012,2.524
586,8.421,76.095,2.410
587,8.401,76.101,2.437
588,8.426,74.879,2.526
589,8.396,74.927,2.573
590,8.369,75.688,2.594
591,8.367,76.093,2.483
592,8.414,76.336,2.439
593,8.371,77.271,2.443
594,8.368,78.101,2.410
595,8.369,79.628,2.399
596,8.367,80.148,2.412
597,8.367,82.286,2.405
598,8.363,82.076,2.404
599,8.247,82.119,2.496
600,8.248,81.655,2.461
601,8.346,82.042,2.522
602,8.249,80.613,2.412
603,8.175,80.690,2.469
604,8.187,80.623,2.469
605,8.419,80.502,2.488
606,8.375,80.503,2.428
607,8.175,80.160,2.430
608,8.175,80.394,2.414
609,8.155,80.359,2.495
610,8.153,78.385,2.446
611,8.101,79.001,2.420
612,8.136,79.024,2.448
613,8.112,78.974,2.465
614,8.099,78.995,2.406
615,8.093,79.013,2.431
616,7.965,75.897,2.546
617,7.972,75.888,2.425
618,8.088,76.674,2.462
619,7.963,76.606,2.482
620,7.959,76.584,2.390
621,7.907,76.661,2.388
622,7.908,77.242,2.439
623,7.933,77.235,2.518
624,7.885,77.175,2.272
625,7.886,77.189,2.386
626,7.871,77.189,2.346
627,7.872,77.642,2.356
628,7.673,76.033,2.385
629,7.676,75.791,2.402
630,7.685,75.932,2.443
631,7.784,75.826,2.400
632,7.670,76.522,2.367
633,7.659,77.541,2.381
634,7.661,77.655,2.469
635,7.671,77.668,2.390
636,7.651,77.305,2.422
637,7.656,78.559,2.402
638,7.642,78.103,2.437
639,7.704,78.432,2.391
640,7.640,76.727,2.361
641,7.546,76.760,2.427
642,7.522,76.856,2.419
643,7.547,76.946,2.409
644,7.518,76.808,2.450
645,7.535,76.885,2.452
646,7.529,77.091,2.388
647,7.528,75.314,2.381
648,7.519,75.495,2.385
649,7.502,73.312,2.403
650,7.467,74.217,2.415
651,7.470,74.133,2.418
652,7.475,74.003,2.416
653,7.474,74.562,2.434
654,7.467,76.727,2.421
655,7.453,74.535,2.429
656,7.480,74.398,2.388
657,7.435,74.071,2.441
658,7.470,74.867,2.416
659,7.443,74.947,2.454
660,7.428,75.442,2.410
661,7.440,88.718,2.414
662,7.488,76.285,2.451
663,7.428,75.782,2.592
664,7.426,75.984,2.380
665,7.445,74.773,2.414
666,7.423,76.588,2.454
667,7.426,74.671,2.424
668,7.427,71.802,2.369
669,7.442,71.465,2.355
670,7.477,71.410,2.379
671,7.427,71.147,2.380
672,7.426,70.783,2.452
673,7.411,70.639,2.396
674,7.569,71.181,2.435
675,7.439,71.187,2.473
676,7.449,71.481,2.420
677,7.516,70.775,2.369
678,7.429,70.992,2.460
679,7.410,70.561,2.343
680,7.400,70.310,2.363
681,7.376,70.449,2.371
682,7.376,69.845,2.406
683,7.381,69.308,2.412
684,7.358,69.253,2.378
685,7.427,68.234,2.485
686,7.290,68.127,2.418
687,7.289,69.087,2.400
688,7.291,69.359,2.381
689,7.335,67.668,2.418
690,7.185,67.521,2.419
691,7.183,68.289,2.461
692,7.182,68.198,2.408
693,7.166,66.160,2.439
694,7.133,67.062,2.468
695,7.116,66.011,2.389
696,7.175,68.444,2.465
697,7.069,66.606,2.447
698,7.068,66.312,2.436
699,7.099,66.062,2.406
700,7.075,69.291,2.387
701,7.056,66.270,2.402
702,7.006,66.127,2.417
703,7.026,65.980,2.371
704,6.900,66.020,2.416
705,6.873,65.939,2.457
706,6.882,65.343,2.434
707,6.873,64.181,2.467
708,6.869,64.339,2.434
709,6.867,64.425,2.392
710,6.844,64.181,2.405
711,6.846,64.483,2.399
712,6.884,62.504,2.445
713,6.849,62.451,2.416
714,6.861,61.939,2.436
715,6.868,62.295,2.418
716,6.858,62.168,2.438
717,6.911,60.991,2.402
718,6.950,60.946,2.412
719,6.842,61.485,2.426
720,6.794,56.068,2.350
721,6.795,55.079,2.457
722,7.629,55.285,2.458
723,6.795,54.768,2.407
724,6.802,55.123,2.363
725,6.784,54.789,2.421
726,6.803,54.733,2.408
727,6.888,54.723,2.399
728,6.902,54.686,2.415
729,6.692,56.660,2.410
730,6.670,54.904,2.390
731,6.693,53.842,2.470
732,6.586,53.938,2.471
733,6.578,54.332,2.381
734,6.568,54.936,2.391
735,6.561,53.786,2.371
736,6.572,53.814,2.331
737,6.731,53.765,2.424
738,6.559,53.640,2.443
739,6.539,55.325,2.440
740,6.462,54.756,2.429
741,6.445,54.094,2.441
742,6.450,53.612,2.376
743,6.441,53.214,2.302
744,6.439,53.181,2.404
745,6.447,52.883,2.405
746,6.443,52.357,2.434
747,6.491,51.343,2.403
748,6.420,51.191,2.441
749,6.422,50.071,2.403
750,6.422,50.088,2.388
751,6.426,50.063,2.356
752,6.421,49.552,2.429
753,6.403,51.402,2.341
754,6.395,49.196,2.430
755,6.506,49.170,2.380
756,6.391,53.613,2.356
757,6.427,49.113,2.390
758,6.472,49.264,2.418
759,6.403,49.122,2.451
760,6.390,49.135,2.498
761,6.315,48.960,2.435
762,6.427,49.252,2.458
763,6.315,48.707,2.370
764,6.373,48.736,2.398
765,6.317,48.510,2.383
766,6.315,48.290,2.404
767,6.314,48.268,2.357
768,6.157,49.820,2.406
769,6.122,47.465,2.376
770,6.132,48.139,2.384
771,6.676,47.284,2.390
772,6.119,45.708,2.376
773,6.142,45.796,2.432
774,6.128,46.920,2.391
775,6.121,45.888,2.402
776,6.139,45.683,2.394
777,6.119,45.512,2.394
778,6.109,45.583,2.501
779,6.103,46.221,2.414
780,6.072,45.533,2.414
781,6.105,45.655,2.374
782,6.091,45.792,2.456
783,6.064,45.511,2.381
784,6.052,45.916,2.385
785,6.037,45.403,2.407
786,6.056,45.209,2.402
787,6.049,45.393,2.452
788,6.054,45.141,2.394
789,6.046,45.711,2.429
790,6.042,45.669,2.454
791,6.055,44.733,2.434
792,6.046,44.903,2.454
793,5.941,44.733,2.342
794,5.941,44.788,2.500
795,5.955,44.738,2.402
796,5.941,47.030,2.417
797,5.938,44.683,2.460
798,5.935,44.654,2.406
799,5.934,44.626,2.398
800,5.933,44.587,2.416
801,5.931,44.715,2.398
802,5.942,46.615,2.442
803,6.045,44.563,2.405
804,5.961,44.481,2.450
805,5.946,44.531,2.381
806,5.941,44.716,2.411
807,5.929,44.279,2.431
808,5.981,44.893,2.426
809,5.931,44.485,2.463
810,5.930,44.470,2.369
811,5.934,44.230,2.357
812,5.928,44.485,2.425
813,6.002,44.410,2.394
814,5.957,44.447,2.409
815,5.896,45.885,2.374
816,5.874,43.556,2.373
817,5.887,42.985,2.399
818,5.877,43.355,2.400
819,5.876,43.075,2.392
820,5.869,42.625,2.356
821,5.894,42.851,2.407
822,5.873,43.895,2.343
823,5.963,42.378,2.365
824,5.867,46.285,2.436
825,5.875,42.486,2.485
826,5.869,42.475,2.435
827,5.876,49.395,2.439
828,5.865,43.385,2.383
829,5.860,42.426,2.353
830,5.977,42.419,2.384
831,5.867,42.472,2.385
832,5.855,41.353,2.386
833,5.920,42.168,2.371
834,5.875,42.340,2.446
835,5.846,40.302,2.379
836,5.841,41.148,2.415
837,5.840,40.070,2.417
838,5.813,39.885,2.414
839,5.838,40.040,2.402
840,5.824,39.877,2.459
841,5.814,38.696,2.382
842,5.813,40.932,2.408
843,5.813,38.941,2.384
844,5.785,38.662,2.381
845,5.798,38.678,2.402
846,5.786,39.110,2.339
847,5.700,38.324,2.375
848,5.710,38.386,2.374
849,5.672,38.138,2.362
850,5.711,38.114,2.420
851,5.702,38.137,2.437
852,5.740,38.277,2.402
853,5.676,38.127,2.369
854,5.676,38.230,2.456
855,5.656,38.114,2.424
856,5.648,38.109,2.390
857,5.652,38.040,2.428
858,5.709,39.198,2.393
859,5.630,40.292,2.374
860,5.607,38.088,2.463
861,5.597,38.278,2.430
862,5.561,37.967,2.369
863,5.547,38.102,2.336
864,5.543,38.046,2.392
865,5.585,37.937,2.393
866,5.565,37.620,2.401
867,5.544,37.579,2.390
868,5.529,37.775,2.448
869,5.544,37.336,2.388
870,5.540,36.753,2.369
871,5.519,36.819,2.442
872,5.530,36.867,2.406
873,5.519,36.838,2.505
874,5.526,36.895,2.413
875,5.573,36.788,2.359
876,5.505,35.880,2.384
877,5.482,36.164,2.389
878,5.486,35.050,2.366
879,5.499,38.695,2.341
880,5.555,35.086,2.433
881,5.481,35.033,2.490
882,5.511,34.631,2.385
883,5.480,34.716,2.366
884,5.475,34.389,2.374
885,5.494,34.388,2.370
886,5.491,34.298,2.372
887,5.475,34.363,2.378
888,5.540,34.732,2.378
889,5.496,34.309,2.384
890,5.509,34.225,2.361
891,5.480,34.322,2.390
892,5.505,30.683,2.353
893,5.483,30.596,2.393
894,5.495,30.733,2.370
895,5.561,30.250,2.387
896,5.461,30.432,2.372
897,5.608,30.421,2.380
898,5.452,30.202,2.384
899,5.458,29.641,2.381
900,5.445,29.595,2.384
901,5.444,29.557,2.475
902,5.433,29.441,2.398
903,5.433,29.516,2.448
904,5.435,29.576,2.382
905,5.434,29.179,2.346
906,5.430,29.198,2.381
907,5.428,29.214,2.367
908,5.364,29.602,2.373
909,5.349,29.198,2.344
910,5.345,29.349,2.385
911,5.277,30.315,2.341
912,5.278,29.202,2.389
913,5.279,28.452,2.374
914,5.374,28.003,2.377
915,5.279,28.091,2.376
916,5.280,27.932,2.388
917,5.277,27.521,2.359
918,5.278,27.518,2.388
919,5.282,27.528,2.387
920,5.568,27.569,2.407
921,5.292,29.378,2.384
922,5.279,27.439,2.394
923,5.298,27.381,2.375
924,5.277,27.605,2.373
925,5.287,27.421,2.383
926,5.276,26.844,2.395
927,5.293,26.264,2.372
928,5.262,26.797,2.383
929,5.255,26.049,2.373
930,5.245,27.175,2.370
931,5.252,26.854,2.347
932,5.255,26.049,2.356
933,5.245,26.073,2.362
934,5.231,26.037,2.372
935,5.185,25.982,2.345
936,5.185,26.012,2.375
937,5.196,26.342,2.360
938,5.290,26.017,2.323
939,5.182,26.111,2.424
940,5.191,25.924,2.364
941,5.185,26.432,2.347
942,5.180,26.392,2.368
943,5.176,25.858,2.356
944,5.175,25.827,2.345
945,5.184,29.701,2.352
946,5.271,25.802,2.368
947,5.212,25.770,2.369
948,5.218,25.431,2.349
949,5.181,26.579,2.386
950,5.160,25.394,2.406
951,5.148,25.394,2.355
952,5.115,25.431,2.410
953,5.118,25.393,2.357
954,5.093,25.691,2.412
955,5.108,25.390,2.367
956,5.084,25.413,2.386
957,5.164,25.422,2.356
958,5.090,25.352,2.359
959,5.084,25.374,2.331
960,5.119,25.329,2.334
961,5.084,24.774,2.355
962,5.084,24.769,2.364
963,5.086,24.759,2.360
964,5.319,24.563,2.295
965,5.085,25.090,2.348
966,5.087,24.372,2.390
967,5.100,24.249,2.388
968,5.071,24.219,2.334
969,5.067,24.446,2.379
970,5.074,23.959,2.347
971,5.044,23.914,2.401
972,5.111,22.768,2.331
973,5.047,22.586,2.363
974,5.090,22.619,2.378
975,5.036,22.568,2.414
976,5.044,22.573,2.357
977,5.044,22.603,2.361
978,5.017,22.561,2.330
979,5.034,22.330,2.392
980,5.015,22.286,2.342
981,5.013,22.335,2.392
982,5.014,22.262,2.350
983,4.988,22.126,2.339
984,4.988,22.054,2.402
985,4.979,21.974,2.382
986,4.962,21.946,2.389
987,4.948,22.389,2.340
988,4.947,21.812,2.347
989,4.941,21.576,2.352
990,4.940,21.468,2.324
991,4.941,21.528,2.347
992,4.940,21.460,2.344
993,4.944,21.309,2.375
994,4.941,22.800,2.332
995,4.941,21.258,2.337
996,4.945,20.888,2.374
997,4.940,20.895,2.330
998,4.940,20.872,2.325
999,4.931,22.687,2.374
