Algorithm,Iteration,N,Evaluation,TrainingTime
RHC,10,20,10.0,5997082.0
SA,10,20,1.0,2227195.0
GA,10,20,31.0,1.6169712E7
MIMIC,10,20,32.0,1.00018983E8
RHC,10,40,14.0,235913.0
SA,10,40,1.0,300111.0
GA,10,40,17.0,4151917.0
MIMIC,10,40,7.0,1.19635236E8
RHC,10,60,2.0,224098.0
SA,10,60,4.0,181563.0
GA,10,60,18.0,4834845.0
MIMIC,10,60,12.0,1.45213913E8
RHC,10,80,3.0,152418.0
SA,10,80,9.0,178412.0
GA,10,80,12.0,4172003.0
MIMIC,10,80,11.0,1.74429751E8
RHC,10,100,1.0,87040.0
SA,10,100,0.0,105945.0
GA,10,100,7.0,3717112.0
MIMIC,10,100,13.0,1.95460303E8
RHC,10,120,6.0,108701.0
SA,10,120,2.0,116578.0
GA,10,120,19.0,3362651.0
MIMIC,10,120,16.0,1.77476539E8
RHC,10,140,1.0,100824.0
SA,10,140,0.0,107520.0
GA,10,140,11.0,3327206.0
MIMIC,10,140,26.0,3.45880851E8
RHC,10,160,1.0,110277.0
SA,10,160,1.0,128788.0
GA,10,160,17.0,6205033.0
MIMIC,10,160,17.0,3.46479101E8
RHC,10,180,1.0,66953.0
SA,10,180,0.0,74437.0
GA,10,180,13.0,3205507.0
MIMIC,10,180,16.0,3.12355164E8
RHC,10,200,12.0,70498.0
SA,10,200,1.0,74437.0
GA,10,200,8.0,2943993.0
MIMIC,10,200,10.0,3.81672724E8
RHC,20,20,3.0,38991.0
SA,20,20,1.0,57895.0
GA,20,20,33.0,2326444.0
MIMIC,20,20,31.0,1.3965754E7
RHC,20,40,3.0,45292.0
SA,20,40,1.0,61834.0
GA,20,40,16.0,1870371.0
MIMIC,20,40,10.0,3.556108E7
RHC,20,60,18.0,58289.0
SA,20,60,2.0,70892.0
GA,20,60,16.0,2025153.0
MIMIC,20,60,7.0,7.0594407E7
RHC,20,80,4.0,63409.0
SA,20,80,4.0,84677.0
GA,20,80,8.0,2339047.0
MIMIC,20,80,14.0,1.16977568E8
RHC,20,100,0.0,75619.0
SA,20,100,0.0,88615.0
GA,20,100,15.0,2593471.0
MIMIC,20,100,19.0,1.66195628E8
RHC,20,120,3.0,79951.0
SA,20,120,0.0,106339.0
GA,20,120,11.0,3085778.0
MIMIC,20,120,19.0,2.29091147E8
RHC,20,140,0.0,94129.0
SA,20,140,1.0,109883.0
GA,20,140,8.0,3200387.0
MIMIC,20,140,9.0,3.21496313E8
RHC,20,160,1.0,94522.0
SA,20,160,2.0,117760.0
GA,20,160,11.0,3572965.0
MIMIC,20,160,15.0,5.65142012E8
RHC,20,180,3.0,157932.0
SA,20,180,0.0,222917.0
GA,20,180,10.0,6041981.0
MIMIC,20,180,16.0,6.03193376E8
RHC,20,200,1.0,137452.0
SA,20,200,2.0,138633.0
GA,20,200,9.0,4163732.0
MIMIC,20,200,30.0,7.12032131E8
RHC,30,20,18.0,99249.0
SA,30,20,0.0,158720.0
GA,30,20,35.0,3595807.0
MIMIC,30,20,33.0,3.5844648E7
RHC,30,40,10.0,97674.0
SA,30,40,3.0,142966.0
GA,30,40,52.0,3646220.0
MIMIC,30,40,52.0,8.3357751E7
RHC,30,60,4.0,109489.0
SA,30,60,1.0,141784.0
GA,30,60,15.0,3782884.0
MIMIC,30,60,24.0,1.35929798E8
RHC,30,80,1.0,107126.0
SA,30,80,3.0,148873.0
GA,30,80,16.0,4069210.0
MIMIC,30,80,27.0,1.91299327E8
RHC,30,100,5.0,107914.0
SA,30,100,1.0,138634.0
GA,30,100,9.0,3834478.0
MIMIC,30,100,14.0,2.36662823E8
RHC,30,120,1.0,118941.0
SA,30,120,1.0,165809.0
GA,30,120,13.0,4087326.0
MIMIC,30,120,20.0,3.18172652E8
RHC,30,140,2.0,116972.0
SA,30,140,2.0,137846.0
GA,30,140,13.0,4459116.0
MIMIC,30,140,16.0,6.35199608E8
RHC,30,160,4.0,172505.0
SA,30,160,0.0,210314.0
GA,30,160,11.0,6765869.0
MIMIC,30,160,30.0,8.11173628E8
RHC,30,180,4.0,181169.0
SA,30,180,1.0,189046.0
GA,30,180,10.0,6051039.0
MIMIC,30,180,11.0,6.9414801E8
RHC,30,200,2.0,139815.0
SA,30,200,1.0,166203.0
GA,30,200,14.0,5862387.0
MIMIC,30,200,17.0,8.46173084E8
RHC,40,20,20.0,454104.0
SA,40,20,1.0,74043.0
GA,40,20,34.0,2483589.0
MIMIC,40,20,33.0,2.4025745E7
RHC,40,40,10.0,141391.0
SA,40,40,0.0,85070.0
GA,40,40,52.0,2744314.0
MIMIC,40,40,60.0,6.2628492E7
RHC,40,60,8.0,124849.0
SA,40,60,1.0,108307.0
GA,40,60,17.0,6663074.0
MIMIC,40,60,22.0,2.54224384E8
RHC,40,80,8.0,193378.0
SA,40,80,0.0,226067.0
GA,40,80,21.0,7349153.0
MIMIC,40,80,11.0,3.01912749E8
RHC,40,100,5.0,135089.0
SA,40,100,3.0,151630.0
GA,40,100,20.0,5430339.0
MIMIC,40,100,24.0,3.10762847E8
RHC,40,120,2.0,149661.0
SA,40,120,0.0,149267.0
GA,40,120,12.0,5325182.0
MIMIC,40,120,13.0,4.23863402E8
RHC,40,140,1.0,283569.0
SA,40,140,1.0,299323.0
GA,40,140,13.0,1.1367951E7
MIMIC,40,140,25.0,9.34328659E8
RHC,40,160,2.0,250091.0
SA,40,160,1.0,270178.0
GA,40,160,17.0,9596828.0
MIMIC,40,160,27.0,1.011655458E9
RHC,40,180,2.0,188258.0
SA,40,180,3.0,203224.0
GA,40,180,10.0,7261720.0
MIMIC,40,180,13.0,8.49888226E8
RHC,40,200,2.0,199286.0
SA,40,200,3.0,208738.0
GA,40,200,11.0,7547257.0
MIMIC,40,200,17.0,1.059874332E9
RHC,50,20,20.0,71680.0
SA,50,20,1.0,180775.0
GA,50,20,35.0,2912092.0
MIMIC,50,20,35.0,6.2766338E7
RHC,50,40,11.0,149661.0
SA,50,40,9.0,529328.0
GA,50,40,52.0,7447221.0
MIMIC,50,40,14.0,1.63916839E8
RHC,50,60,5.0,166990.0
SA,50,60,2.0,333981.0
GA,50,60,12.0,7784746.0
MIMIC,50,60,16.0,3.2194057E8
RHC,50,80,5.0,179593.0
SA,50,80,1.0,270178.0
GA,50,80,19.0,8462553.0
MIMIC,50,80,20.0,3.59518532E8
RHC,50,100,13.0,187471.0
SA,50,100,1.0,217403.0
GA,50,100,18.0,6272380.0
MIMIC,50,100,20.0,6.00496718E8
RHC,50,120,3.0,279630.0
SA,50,120,4.0,384000.0
GA,50,120,8.0,1.2728292E7
MIMIC,50,120,32.0,7.51511972E8
RHC,50,140,10.0,326498.0
SA,50,140,3.0,422596.0
GA,50,140,14.0,1.4017742E7
MIMIC,50,140,16.0,8.33234478E8
RHC,50,160,13.0,218978.0
SA,50,160,2.0,247729.0
GA,50,160,13.0,7919048.0
MIMIC,50,160,18.0,1.112085222E9
RHC,50,180,1.0,207163.0
SA,50,180,0.0,266633.0
GA,50,180,11.0,8334554.0
MIMIC,50,180,8.0,1.545117343E9
RHC,50,200,1.0,229611.0
SA,50,200,2.0,300898.0
GA,50,200,21.0,9300263.0
MIMIC,50,200,28.0,1.548739931E9
RHC,60,20,20.0,64590.0
SA,60,20,27.0,151236.0
GA,60,20,29.0,3419365.0
MIMIC,60,20,35.0,3.4526449E7
RHC,60,40,15.0,78376.0
SA,60,40,1.0,155963.0
GA,60,40,51.0,4071573.0
MIMIC,60,40,63.0,9.2865571E7
RHC,60,60,7.0,104763.0
SA,60,60,2.0,190228.0
GA,60,60,15.0,4746624.0
MIMIC,60,60,15.0,1.78497386E8
RHC,60,80,9.0,132332.0
SA,60,80,2.0,171323.0
GA,60,80,16.0,5550462.0
MIMIC,60,80,15.0,2.87826872E8
RHC,60,100,11.0,157538.0
SA,60,100,5.0,189440.0
GA,60,100,14.0,6493328.0
MIMIC,60,100,14.0,4.20312493E8
RHC,60,120,9.0,180775.0
SA,60,120,2.0,217009.0
GA,60,120,9.0,7663049.0
MIMIC,60,120,15.0,8.3044881E8
RHC,60,140,26.0,231975.0
SA,60,140,6.0,276873.0
GA,60,140,12.0,9672053.0
MIMIC,60,140,23.0,7.72514954E8
RHC,60,160,9.0,239458.0
SA,60,160,4.0,293021.0
GA,60,160,13.0,9377456.0
MIMIC,60,160,28.0,9.66901635E8
RHC,60,180,1.0,252848.0
SA,60,180,7.0,291840.0
GA,60,180,17.0,9898514.0
MIMIC,60,180,20.0,1.463360965E9
RHC,60,200,3.0,325317.0
SA,60,200,2.0,367457.0
GA,60,200,15.0,1.2872046E7
MIMIC,60,200,20.0,1.890676815E9
RHC,10,20,13.0,26388.0
SA,10,20,2.0,40172.0
GA,10,20,32.0,1248095.0
MIMIC,10,20,35.0,1.2894889E7
RHC,10,40,5.0,27176.0
SA,10,40,2.0,42142.0
GA,10,40,51.0,1504096.0
MIMIC,10,40,17.0,3.7030123E7
RHC,10,60,4.0,31114.0
SA,10,60,4.0,42535.0
GA,10,60,15.0,1610827.0
MIMIC,10,60,15.0,6.4348415E7
RHC,10,80,2.0,39778.0
SA,10,80,3.0,50412.0
GA,10,80,16.0,1923540.0
MIMIC,10,80,13.0,9.8433363E7
RHC,10,100,1.0,42142.0
SA,10,100,1.0,48837.0
GA,10,100,12.0,1915270.0
MIMIC,10,100,20.0,1.41709083E8
RHC,10,120,3.0,74831.0
SA,10,120,1.0,81132.0
GA,10,120,14.0,3345322.0
MIMIC,10,120,25.0,2.83529232E8
RHC,10,140,2.0,61046.0
SA,10,140,0.0,68923.0
GA,10,140,13.0,2852228.0
MIMIC,10,140,18.0,2.66128752E8
RHC,10,160,0.0,55926.0
SA,10,160,1.0,61833.0
GA,10,160,9.0,2400093.0
MIMIC,10,160,20.0,3.78363636E8
RHC,10,180,6.0,89403.0
SA,10,180,1.0,104763.0
GA,10,180,11.0,4398070.0
MIMIC,10,180,10.0,4.56869607E8
RHC,10,200,4.0,63409.0
SA,10,200,2.0,70104.0
GA,10,200,9.0,2659243.0
MIMIC,10,200,17.0,5.82762258E8
RHC,20,20,20.0,34264.0
SA,20,20,0.0,53957.0
GA,20,20,34.0,1771910.0
MIMIC,20,20,35.0,1.8072773E7
RHC,20,40,9.0,38990.0
SA,20,40,2.0,61440.0
GA,20,40,55.0,2124007.0
MIMIC,20,40,23.0,4.629809E7
RHC,20,60,11.0,49230.0
SA,20,60,1.0,65379.0
GA,20,60,9.0,2244130.0
MIMIC,20,60,10.0,1.06402822E8
RHC,20,80,7.0,87828.0
SA,20,80,1.0,121304.0
GA,20,80,16.0,4334661.0
MIMIC,20,80,8.0,2.29140771E8
RHC,20,100,5.0,93735.0
SA,20,100,1.0,113821.0
GA,20,100,16.0,4330329.0
MIMIC,20,100,13.0,2.44950116E8
RHC,20,120,11.0,86645.0
SA,20,120,3.0,98461.0
GA,20,120,11.0,8271145.0
MIMIC,20,120,11.0,4.38862606E8
RHC,20,140,2.0,97674.0
SA,20,140,1.0,117760.0
GA,20,140,10.0,4345689.0
MIMIC,20,140,27.0,3.6572711E8
RHC,20,160,5.0,94129.0
SA,20,160,0.0,93341.0
GA,20,160,9.0,3518614.0
MIMIC,20,160,18.0,4.03705611E8
RHC,20,180,3.0,93341.0
SA,20,180,1.0,143359.0
GA,20,180,9.0,3754921.0
MIMIC,20,180,21.0,5.03335476E8
RHC,20,200,1.0,104369.0
SA,20,200,3.0,115790.0
GA,20,200,10.0,4172791.0
MIMIC,20,200,18.0,6.21662752E8
RHC,30,20,10.0,31901.0
SA,30,20,1.0,55532.0
GA,30,20,29.0,1778211.0
MIMIC,30,20,32.0,1.7999911E7
RHC,30,40,5.0,43323.0
SA,30,40,2.0,66953.0
GA,30,40,52.0,2122039.0
MIMIC,30,40,12.0,5.198049E7
RHC,30,60,8.0,58289.0
SA,30,60,1.0,76799.0
GA,30,60,14.0,2501311.0
MIMIC,30,60,10.0,9.9819304E7
RHC,30,80,8.0,72467.0
SA,30,80,2.0,94129.0
GA,30,80,13.0,3027095.0
MIMIC,30,80,18.0,1.53607151E8
RHC,30,100,7.0,83101.0
SA,30,100,5.0,100431.0
GA,30,100,15.0,3444965.0
MIMIC,30,100,11.0,2.34588046E8
RHC,30,120,3.0,104369.0
SA,30,120,1.0,125636.0
GA,30,120,11.0,4109775.0
MIMIC,30,120,17.0,3.23055152E8
RHC,30,140,6.0,109883.0
SA,30,140,2.0,122880.0
GA,30,140,16.0,4522526.0
MIMIC,30,140,17.0,6.75554968E8
RHC,30,160,4.0,151631.0
SA,30,160,0.0,158326.0
GA,30,160,12.0,5924615.0
MIMIC,30,160,12.0,5.96814658E8
RHC,30,180,6.0,137058.0
SA,30,180,5.0,153994.0
GA,30,180,10.0,5264530.0
MIMIC,30,180,24.0,7.30730331E8
RHC,30,200,4.0,261120.0
SA,30,200,1.0,306412.0
GA,30,200,9.0,1.126949E7
MIMIC,30,200,16.0,1.287070688E9
RHC,40,20,20.0,134301.0
SA,40,20,3.0,76406.0
GA,40,20,31.0,2424117.0
MIMIC,40,20,33.0,2.7575078E7
RHC,40,40,9.0,82313.0
SA,40,40,0.0,90585.0
GA,40,40,51.0,2843563.0
MIMIC,40,40,55.0,6.4267677E7
RHC,40,60,8.0,72073.0
SA,40,60,0.0,107914.0
GA,40,60,21.0,3261827.0
MIMIC,40,60,22.0,1.19686043E8
RHC,40,80,1.0,94129.0
SA,40,80,3.0,125637.0
GA,40,80,16.0,3887647.0
MIMIC,40,80,22.0,1.9716132E8
RHC,40,100,5.0,109882.0
SA,40,100,2.0,131151.0
GA,40,100,11.0,4484322.0
MIMIC,40,100,27.0,2.88546034E8
RHC,40,120,3.0,135482.0
SA,40,120,1.0,146117.0
GA,40,120,13.0,5273982.0
MIMIC,40,120,10.0,4.16437055E8
RHC,40,140,6.0,146904.0
SA,40,140,1.0,162265.0
GA,40,140,9.0,5758806.0
MIMIC,40,140,21.0,5.37082898E8
RHC,40,160,9.0,166596.0
SA,40,160,7.0,189046.0
GA,40,160,13.0,6480331.0
MIMIC,40,160,13.0,7.03228508E8
RHC,40,180,10.0,169353.0
SA,40,180,1.0,191015.0
GA,40,180,11.0,6818644.0
MIMIC,40,180,22.0,1.131185931E9
RHC,40,200,4.0,179987.0
SA,40,200,1.0,226855.0
GA,40,200,12.0,7555922.0
MIMIC,40,200,25.0,1.047789977E9
RHC,50,20,35.0,54744.0
SA,50,20,4.0,85859.0
GA,50,20,30.0,2860499.0
MIMIC,50,20,30.0,3.2343363E7
RHC,50,40,19.0,70893.0
SA,50,40,1.0,99642.0
GA,50,40,53.0,3439845.0
MIMIC,50,40,14.0,7.7584768E7
RHC,50,60,17.0,93341.0
SA,50,60,4.0,122879.0
GA,50,60,13.0,4012890.0
MIMIC,50,60,75.0,1.43764169E8
RHC,50,80,6.0,108701.0
SA,50,80,2.0,139815.0
GA,50,80,11.0,4814759.0
MIMIC,50,80,16.0,2.47654258E8
RHC,50,100,8.0,131544.0
SA,50,100,0.0,159901.0
GA,50,100,13.0,5549281.0
MIMIC,50,100,12.0,3.73876556E8
RHC,50,120,11.0,170535.0
SA,50,120,1.0,188258.0
GA,50,120,11.0,6495297.0
MIMIC,50,120,23.0,4.85593139E8
RHC,50,140,5.0,170141.0
SA,50,140,2.0,212283.0
GA,50,140,13.0,7113240.0
MIMIC,50,140,27.0,6.48413512E8
RHC,50,160,3.0,192197.0
SA,50,160,2.0,224491.0
GA,50,160,11.0,7860758.0
MIMIC,50,160,13.0,8.75102991E8
RHC,50,180,2.0,215827.0
SA,50,180,1.0,244184.0
GA,50,180,11.0,8370788.0
MIMIC,50,180,15.0,1.340164187E9
RHC,50,200,9.0,231974.0
SA,50,200,0.0,279237.0
GA,50,200,12.0,9255364.0
MIMIC,50,200,20.0,1.813593019E9
RHC,60,20,20.0,129969.0
SA,60,20,15.0,383211.0
GA,60,20,35.0,7706765.0
MIMIC,60,20,32.0,6.7315645E7
RHC,60,40,9.0,135483.0
SA,60,40,15.0,488368.0
GA,60,40,50.0,7297953.0
MIMIC,60,40,17.0,1.7935715E8
RHC,60,60,15.0,199680.0
SA,60,60,7.0,313107.0
GA,60,60,18.0,1.0214378E7
MIMIC,60,60,16.0,3.32024585E8
RHC,60,80,5.0,161870.0
SA,60,80,0.0,221341.0
GA,60,80,18.0,7824918.0
MIMIC,60,80,21.0,4.9510726E8
RHC,60,100,9.0,222129.0
SA,60,100,4.0,284356.0
GA,60,100,20.0,1.3535281E7
MIMIC,60,100,26.0,7.69355921E8
RHC,60,120,4.0,3491045.0
SA,60,120,0.0,447802.0
GA,60,120,13.0,1.4947216E7
MIMIC,60,120,18.0,8.3591499E8
RHC,60,140,5.0,200467.0
SA,60,140,8.0,241427.0
GA,60,140,15.0,8467674.0
MIMIC,60,140,21.0,1.06789381E9
RHC,60,160,8.0,232369.0
SA,60,160,1.0,321772.0
GA,60,160,9.0,9587770.0
MIMIC,60,160,11.0,1.005659951E9
RHC,60,180,12.0,249304.0
SA,60,180,3.0,287114.0
GA,60,180,24.0,9922144.0
MIMIC,60,180,20.0,1.221435582E9
RHC,60,200,8.0,280024.0
SA,60,200,6.0,279630.0
GA,60,200,11.0,9659844.0
MIMIC,60,200,18.0,1.579183386E9
RHC,10,20,4.0,13390.0
SA,10,20,9.0,22450.0
GA,10,20,31.0,656934.0
MIMIC,10,20,34.0,7110089.0
RHC,10,40,4.0,15360.0
SA,10,40,1.0,22449.0
GA,10,40,51.0,801869.0
MIMIC,10,40,52.0,3.8056484E7
RHC,10,60,3.0,48049.0
SA,10,60,0.0,53957.0
GA,10,60,18.0,2107861.0
MIMIC,10,60,15.0,8.7917693E7
RHC,10,80,7.0,53170.0
SA,10,80,2.0,64985.0
GA,10,80,10.0,2566296.0
MIMIC,10,80,16.0,1.38409842E8
RHC,10,100,5.0,52775.0
SA,10,100,0.0,66560.0
GA,10,100,11.0,2660425.0
MIMIC,10,100,15.0,1.67386616E8
RHC,10,120,3.0,55532.0
SA,10,120,1.0,55926.0
GA,10,120,11.0,2442235.0
MIMIC,10,120,19.0,2.09033394E8
RHC,10,140,2.0,72467.0
SA,10,140,1.0,90191.0
GA,10,140,12.0,3653703.0
MIMIC,10,140,13.0,3.61456251E8
RHC,10,160,2.0,65378.0
SA,10,160,3.0,72074.0
GA,10,160,9.0,2814813.0
MIMIC,10,160,13.0,3.11209074E8
RHC,10,180,0.0,53957.0
SA,10,180,1.0,58683.0
GA,10,180,13.0,2352438.0
MIMIC,10,180,30.0,3.08079579E8
RHC,10,200,2.0,66560.0
SA,10,200,0.0,62227.0
GA,10,200,10.0,2443810.0
MIMIC,10,200,22.0,5.4466954E8
RHC,20,20,34.0,38597.0
SA,20,20,1.0,59864.0
GA,20,20,34.0,1972378.0
MIMIC,20,20,15.0,2.0709961E7
RHC,20,40,2.0,41354.0
SA,20,40,0.0,66954.0
GA,20,40,55.0,2358345.0
MIMIC,20,40,55.0,5.2427505E7
RHC,20,60,4.0,55138.0
SA,20,60,0.0,71680.0
GA,20,60,14.0,2469016.0
MIMIC,20,60,73.0,1.09893472E8
RHC,20,80,8.0,88222.0
SA,20,80,0.0,123274.0
GA,20,80,15.0,4316151.0
MIMIC,20,80,17.0,2.39564675E8
RHC,20,100,10.0,91766.0
SA,20,100,0.0,117760.0
GA,20,100,19.0,4273615.0
MIMIC,20,100,11.0,2.66469035E8
RHC,20,120,4.0,79163.0
SA,20,120,0.0,102006.0
GA,20,120,9.0,3601715.0
MIMIC,20,120,25.0,2.62337204E8
RHC,20,140,10.0,78769.0
SA,20,140,0.0,91372.0
GA,20,140,10.0,3160214.0
MIMIC,20,140,32.0,3.0166502E8
RHC,20,160,0.0,91372.0
SA,20,160,3.0,98067.0
GA,20,160,9.0,3528066.0
MIMIC,20,160,27.0,6.11184104E8
RHC,20,180,0.0,114609.0
SA,20,180,0.0,117366.0
GA,20,180,12.0,4650525.0
MIMIC,20,180,13.0,6.44898443E8
RHC,20,200,4.0,160295.0
SA,20,200,1.0,191803.0
GA,20,200,11.0,6978939.0
MIMIC,20,200,19.0,7.34997251E8
RHC,30,20,20.0,200073.0
SA,30,20,1.0,54744.0
GA,30,20,35.0,1910149.0
MIMIC,30,20,35.0,3.7742195E7
RHC,30,40,9.0,311926.0
SA,30,40,4.0,132332.0
GA,30,40,52.0,4541036.0
MIMIC,30,40,56.0,1.05686417E8
RHC,30,60,1.0,185107.0
SA,30,60,4.0,159114.0
GA,30,60,13.0,5311791.0
MIMIC,30,60,19.0,1.81671778E8
RHC,30,80,4.0,187864.0
SA,30,80,4.0,151237.0
GA,30,80,15.0,9019845.0
MIMIC,30,80,25.0,3.07356873E8
RHC,30,100,4.0,152418.0
SA,30,100,3.0,154388.0
GA,30,100,12.0,5305884.0
MIMIC,30,100,15.0,3.15232203E8
RHC,30,120,5.0,113034.0
SA,30,120,2.0,128000.0
GA,30,120,11.0,4706845.0
MIMIC,30,120,18.0,3.34237602E8
RHC,30,140,1.0,130756.0
SA,30,140,1.0,125636.0
GA,30,140,8.0,1.0707079E7
MIMIC,30,140,12.0,7.93243426E8
RHC,30,160,4.0,193772.0
SA,30,160,1.0,220159.0
GA,30,160,8.0,8339281.0
MIMIC,30,160,18.0,8.18484184E8
RHC,30,180,2.0,215434.0
SA,30,180,1.0,241821.0
GA,30,180,17.0,8961556.0
MIMIC,30,180,10.0,1.164338254E9
RHC,30,200,2.0,210707.0
SA,30,200,1.0,220160.0
GA,30,200,8.0,1.1137551E7
MIMIC,30,200,10.0,8.94850788E8
RHC,40,20,20.0,53957.0
SA,40,20,1.0,70892.0
GA,40,20,31.0,2290998.0
MIMIC,40,20,32.0,2.6548324E7
RHC,40,40,36.0,66954.0
SA,40,40,2.0,82314.0
GA,40,40,51.0,2752979.0
MIMIC,40,40,52.0,6.0710071E7
RHC,40,60,14.0,88615.0
SA,40,60,1.0,98856.0
GA,40,60,16.0,3228350.0
MIMIC,40,60,19.0,1.22796239E8
RHC,40,80,9.0,92947.0
SA,40,80,2.0,113821.0
GA,40,80,20.0,3835660.0
MIMIC,40,80,22.0,2.82908138E8
RHC,40,100,2.0,196529.0
SA,40,100,3.0,254818.0
GA,40,100,16.0,9048989.0
MIMIC,40,100,17.0,5.29286337E8
RHC,40,120,4.0,185501.0
SA,40,120,0.0,252849.0
GA,40,120,13.0,8883575.0
MIMIC,40,120,18.0,6.91729013E8
RHC,40,140,7.0,196135.0
SA,40,140,4.0,214645.0
GA,40,140,16.0,7843429.0
MIMIC,40,140,24.0,7.69355527E8
RHC,40,160,2.0,278449.0
SA,40,160,3.0,261907.0
GA,40,160,19.0,9608250.0
MIMIC,40,160,20.0,7.95319779E8
RHC,40,180,6.0,168960.0
SA,40,180,1.0,187865.0
GA,40,180,12.0,6796194.0
MIMIC,40,180,29.0,1.213660682E9
RHC,40,200,5.0,296565.0
SA,40,200,2.0,350916.0
GA,40,200,11.0,1.2734988E7
MIMIC,40,200,30.0,1.570426629E9
RHC,50,20,20.0,74043.0
SA,50,20,7.0,127999.0
GA,50,20,35.0,4118440.0
MIMIC,50,20,33.0,4.4708924E7
RHC,50,40,23.0,99249.0
SA,50,40,2.0,145329.0
GA,50,40,59.0,4860839.0
MIMIC,50,40,20.0,1.00820065E8
RHC,50,60,10.0,103582.0
SA,50,60,1.0,150055.0
GA,50,60,13.0,5123927.0
MIMIC,50,60,24.0,1.71013931E8
RHC,50,80,1.0,104762.0
SA,50,80,0.0,159901.0
GA,50,80,19.0,5037282.0
MIMIC,50,80,19.0,2.43373947E8
RHC,50,100,12.0,174474.0
SA,50,100,4.0,166203.0
GA,50,100,8.0,5411040.0
MIMIC,50,100,24.0,5.4648753E8
RHC,50,120,6.0,200467.0
SA,50,120,2.0,260726.0
GA,50,120,9.0,1.344509E7
MIMIC,50,120,15.0,9.03463003E8
RHC,50,140,3.0,239852.0
SA,50,140,0.0,283963.0
GA,50,140,13.0,1.0586956E7
MIMIC,50,140,15.0,9.18336177E8
RHC,50,160,7.0,233944.0
SA,50,160,2.0,294596.0
GA,50,160,13.0,1.0659423E7
MIMIC,50,160,11.0,9.59134612E8
RHC,50,180,9.0,216615.0
SA,50,180,5.0,240640.0
GA,50,180,11.0,8347157.0
MIMIC,50,180,21.0,1.041312796E9
RHC,50,200,2.0,230006.0
SA,50,200,2.0,272147.0
GA,50,200,10.0,1.2416367E7
MIMIC,50,200,24.0,1.274966642E9
RHC,60,20,14.0,118153.0
SA,60,20,14.0,232763.0
GA,60,20,35.0,7294409.0
MIMIC,60,20,35.0,7.3847963E7
RHC,60,40,21.0,177231.0
SA,60,40,5.0,251667.0
GA,60,40,53.0,8658689.0
MIMIC,60,40,12.0,1.98242032E8
RHC,60,60,20.0,191803.0
SA,60,60,4.0,292233.0
GA,60,60,13.0,9980434.0
MIMIC,60,60,18.0,3.45740642E8
RHC,60,80,4.0,185501.0
SA,60,80,2.0,247729.0
GA,60,80,12.0,8807956.0
MIMIC,60,80,24.0,3.64000885E8
RHC,60,100,10.0,170141.0
SA,60,100,0.0,198104.0
GA,60,100,9.0,6863543.0
MIMIC,60,100,22.0,5.86904722E8
RHC,60,120,2.0,237095.0
SA,60,120,2.0,343433.0
GA,60,120,11.0,1.5895203E7
MIMIC,60,120,20.0,1.039872505E9
RHC,60,140,7.0,248517.0
SA,60,140,0.0,286326.0
GA,60,140,18.0,1.0412482E7
MIMIC,60,140,19.0,8.1688596E8
RHC,60,160,5.0,421808.0
SA,60,160,0.0,465525.0
GA,60,160,11.0,1.8016847E7
MIMIC,60,160,33.0,1.556121774E9
RHC,60,180,8.0,383999.0
SA,60,180,2.0,450165.0
GA,60,180,14.0,1.6484788E7
MIMIC,60,180,19.0,1.572192631E9
RHC,60,200,8.0,269784.0
SA,60,200,3.0,314683.0
GA,60,200,10.0,1.0919361E7
MIMIC,60,200,15.0,1.950444021E9
RHC,10,20,12.0,20480.0
SA,10,20,1.0,29538.0
GA,10,20,32.0,951137.0
MIMIC,10,20,34.0,1.3107959E7
RHC,10,40,5.0,20086.0
SA,10,40,4.0,30720.0
GA,10,40,12.0,1166176.0
MIMIC,10,40,13.0,2.851952E7
RHC,10,60,3.0,25994.0
SA,10,60,7.0,33477.0
GA,10,60,15.0,1283936.0
MIMIC,10,60,18.0,5.257244E7
RHC,10,80,1.0,31901.0
SA,10,80,0.0,42930.0
GA,10,80,15.0,1520243.0
MIMIC,10,80,15.0,8.1052969E7
RHC,10,100,3.0,36234.0
SA,10,100,2.0,42141.0
GA,10,100,13.0,1677387.0
MIMIC,10,100,25.0,1.11963917E8
RHC,10,120,3.0,44110.0
SA,10,120,2.0,45293.0
GA,10,120,13.0,1789240.0
MIMIC,10,120,21.0,1.4222896E8
RHC,10,140,4.0,43323.0
SA,10,140,1.0,46868.0
GA,10,140,10.0,1837682.0
MIMIC,10,140,17.0,1.91264275E8
RHC,10,160,0.0,51200.0
SA,10,160,1.0,51200.0
GA,10,160,15.0,2064931.0
MIMIC,10,160,15.0,2.59790994E8
RHC,10,180,1.0,54351.0
SA,10,180,1.0,56714.0
GA,10,180,7.0,2196869.0
MIMIC,10,180,30.0,3.08145351E8
RHC,10,200,6.0,55138.0
SA,10,200,3.0,64197.0
GA,10,200,11.0,2443023.0
MIMIC,10,200,17.0,3.85092088E8
RHC,20,20,10.0,23237.0
SA,20,20,1.0,36628.0
GA,20,20,35.0,1231160.0
MIMIC,20,20,28.0,1.6453675E7
RHC,20,40,3.0,31901.0
SA,20,40,1.0,43323.0
GA,20,40,49.0,2218924.0
MIMIC,20,40,14.0,7.6687194E7
RHC,20,60,6.0,76800.0
SA,20,60,2.0,104369.0
GA,20,60,9.0,3838810.0
MIMIC,20,60,20.0,1.43596784E8
RHC,20,80,3.0,81920.0
SA,20,80,2.0,109095.0
GA,20,80,10.0,3678515.0
MIMIC,20,80,22.0,1.81968344E8
RHC,20,100,4.0,75618.0
SA,20,100,1.0,92553.0
GA,20,100,14.0,3430393.0
MIMIC,20,100,18.0,2.21415496E8
RHC,20,120,1.0,80344.0
SA,20,120,1.0,94916.0
GA,20,120,10.0,3280338.0
MIMIC,20,120,13.0,2.47322639E8
RHC,20,140,4.0,78769.0
SA,20,140,0.0,87827.0
GA,20,140,10.0,3159427.0
MIMIC,20,140,11.0,3.17072642E8
RHC,20,160,5.0,89797.0
SA,20,160,0.0,91766.0
GA,20,160,8.0,3502467.0
MIMIC,20,160,18.0,6.0520632E8
RHC,20,180,0.0,168959.0
SA,20,180,2.0,183138.0
GA,20,180,9.0,7273929.0
MIMIC,20,180,12.0,7.59687019E8
RHC,20,200,8.0,103975.0
SA,20,200,2.0,114609.0
GA,20,200,10.0,9397543.0
MIMIC,20,200,22.0,1.055814181E9
RHC,30,20,13.0,41354.0
SA,30,20,4.0,69317.0
GA,30,20,35.0,2330382.0
MIMIC,30,20,34.0,2.3282165E7
RHC,30,40,6.0,51200.0
SA,30,40,3.0,80739.0
GA,30,40,52.0,2731711.0
MIMIC,30,40,57.0,6.1724617E7
RHC,30,60,8.0,64197.0
SA,30,60,0.0,90978.0
GA,30,60,73.0,2936511.0
MIMIC,30,60,24.0,1.85175033E8
RHC,30,80,8.0,123668.0
SA,30,80,1.0,178018.0
GA,30,80,8.0,6100270.0
MIMIC,30,80,14.0,3.31060453E8
RHC,30,100,3.0,146116.0
SA,30,100,2.0,195742.0
GA,30,100,7.0,6866693.0
MIMIC,30,100,22.0,3.59638654E8
RHC,30,120,3.0,117760.0
SA,30,120,0.0,132332.0
GA,30,120,15.0,7878875.0
MIMIC,30,120,17.0,4.85210321E8
RHC,30,140,8.0,168960.0
SA,30,140,0.0,225673.0
GA,30,140,11.0,8239244.0
MIMIC,30,140,14.0,7.53773431E8
RHC,30,160,11.0,129182.0
SA,30,160,1.0,165415.0
GA,30,160,13.0,5696578.0
MIMIC,30,160,22.0,5.74934188E8
RHC,30,180,4.0,130756.0
SA,30,180,2.0,150843.0
GA,30,180,7.0,5249564.0
MIMIC,30,180,16.0,7.09779731E8
RHC,30,200,5.0,150449.0
SA,30,200,0.0,161083.0
GA,30,200,10.0,5852147.0
MIMIC,30,200,13.0,1.113601527E9
RHC,40,20,20.0,92159.0
SA,40,20,2.0,152418.0
GA,40,20,33.0,5048309.0
MIMIC,40,20,35.0,5.1096701E7
RHC,40,40,10.0,113821.0
SA,40,40,1.0,174080.0
GA,40,40,56.0,5869871.0
MIMIC,40,40,19.0,1.29287203E8
RHC,40,60,4.0,114215.0
SA,40,60,2.0,172504.0
GA,40,60,18.0,5893107.0
MIMIC,40,60,17.0,1.97281837E8
RHC,40,80,6.0,109489.0
SA,40,80,1.0,166990.0
GA,40,80,15.0,5433884.0
MIMIC,40,80,19.0,2.45931184E8
RHC,40,100,6.0,109489.0
SA,40,100,0.0,139421.0
GA,40,100,15.0,4797036.0
MIMIC,40,100,22.0,4.83261575E8
RHC,40,120,14.0,201649.0
SA,40,120,1.0,225280.0
GA,40,120,18.0,1.2839356E7
MIMIC,40,120,15.0,6.53670166E8
RHC,40,140,3.0,142178.0
SA,40,140,1.0,175655.0
GA,40,140,21.0,6181796.0
MIMIC,40,140,17.0,7.37712421E8
RHC,40,160,4.0,272935.0
SA,40,160,2.0,335163.0
GA,40,160,12.0,1.2410459E7
MIMIC,40,160,21.0,1.173891759E9
RHC,40,180,5.0,171716.0
SA,40,180,0.0,202437.0
GA,40,180,10.0,1.0584986E7
MIMIC,40,180,23.0,8.6755337E8
RHC,40,200,2.0,212676.0
SA,40,200,0.0,213071.0
GA,40,200,12.0,7539380.0
MIMIC,40,200,16.0,1.050620542E9
RHC,50,20,20.0,50018.0
SA,50,20,4.0,87434.0
GA,50,20,35.0,2917606.0
MIMIC,50,20,31.0,2.8606559E7
RHC,50,40,7.0,61440.0
SA,50,40,2.0,107914.0
GA,50,40,51.0,3335870.0
MIMIC,50,40,17.0,8.1904068E7
RHC,50,60,7.0,86646.0
SA,50,60,2.0,118548.0
GA,50,60,16.0,3968385.0
MIMIC,50,60,17.0,1.47933415E8
RHC,50,80,14.0,109489.0
SA,50,80,6.0,143360.0
GA,50,80,14.0,4702119.0
MIMIC,50,80,18.0,2.39991603E8
RHC,50,100,7.0,128000.0
SA,50,100,1.0,174474.0
GA,50,100,11.0,8910356.0
MIMIC,50,100,10.0,3.75492504E8
RHC,50,120,7.0,158720.0
SA,50,120,2.0,185895.0
GA,50,120,15.0,6550829.0
MIMIC,50,120,16.0,4.9023815E8
RHC,50,140,3.0,165808.0
SA,50,140,4.0,208344.0
GA,50,140,14.0,7056526.0
MIMIC,50,140,24.0,6.31391519E8
RHC,50,160,13.0,180775.0
SA,50,160,0.0,185501.0
GA,50,160,14.0,6892687.0
MIMIC,50,160,10.0,1.062634006E9
RHC,50,180,4.0,343433.0
SA,50,180,11.0,454103.0
GA,50,180,9.0,1.6128358E7
MIMIC,50,180,22.0,1.710547335E9
RHC,50,200,2.0,317439.0
SA,50,200,2.0,359975.0
GA,50,200,11.0,1.3652253E7
MIMIC,50,200,25.0,1.622665482E9
RHC,60,20,35.0,66559.0
SA,60,20,9.0,107519.0
GA,60,20,35.0,3422122.0
MIMIC,60,20,34.0,3.4342129E7
RHC,60,40,28.0,87433.0
SA,60,40,3.0,119335.0
GA,60,40,13.0,4008164.0
MIMIC,60,40,16.0,9.6999765E7
RHC,60,60,13.0,95310.0
SA,60,60,3.0,143753.0
GA,60,60,15.0,4747017.0
MIMIC,60,60,21.0,1.75562057E8
RHC,60,80,14.0,132332.0
SA,60,80,2.0,176837.0
GA,60,80,24.0,5641440.0
MIMIC,60,80,15.0,2.87676817E8
RHC,60,100,11.0,161083.0
SA,60,100,3.0,181563.0
GA,60,100,18.0,6475211.0
MIMIC,60,100,25.0,4.13240606E8
RHC,60,120,3.0,195741.0
SA,60,120,4.0,235125.0
GA,60,120,15.0,7615392.0
MIMIC,60,120,31.0,5.77964434E8
RHC,60,140,10.0,199680.0
SA,60,140,3.0,246941.0
GA,60,140,12.0,8407021.0
MIMIC,60,140,25.0,8.30366497E8
RHC,60,160,4.0,392270.0
SA,60,160,5.0,480491.0
GA,60,160,14.0,1.7409932E7
MIMIC,60,160,10.0,1.428700216E9
RHC,60,180,2.0,248516.0
SA,60,180,5.0,285538.0
GA,60,180,11.0,9850465.0
MIMIC,60,180,23.0,1.233321045E9
RHC,60,200,5.0,278843.0
SA,60,200,6.0,336344.0
GA,60,200,16.0,1.0931964E7
MIMIC,60,200,20.0,2.170438523E9
RHC,10,20,11.0,19692.0
SA,10,20,5.0,28356.0
GA,10,20,33.0,945228.0
MIMIC,10,20,33.0,1.332418E7
RHC,10,40,4.0,20479.0
SA,10,40,5.0,32295.0
GA,10,40,11.0,1189019.0
MIMIC,10,40,17.0,2.967073E7
RHC,10,60,7.0,26781.0
SA,10,60,0.0,35446.0
GA,10,60,10.0,1272514.0
MIMIC,10,60,18.0,5.2423567E7
RHC,10,80,4.0,34264.0
SA,10,80,3.0,40172.0
GA,10,80,11.0,1519849.0
MIMIC,10,80,25.0,8.0568145E7
RHC,10,100,10.0,38203.0
SA,10,100,5.0,42536.0
GA,10,100,10.0,1639185.0
MIMIC,10,100,14.0,1.13201379E8
RHC,10,120,3.0,45292.0
SA,10,120,5.0,50806.0
GA,10,120,14.0,1786088.0
MIMIC,10,120,20.0,2.8931797E8
RHC,10,140,4.0,62227.0
SA,10,140,3.0,74043.0
GA,10,140,13.0,3114528.0
MIMIC,10,140,21.0,2.99311007E8
RHC,10,160,5.0,79951.0
SA,10,160,1.0,95705.0
GA,10,160,10.0,4049911.0
MIMIC,10,160,14.0,4.46596941E8
RHC,10,180,1.0,59865.0
SA,10,180,3.0,68529.0
GA,10,180,10.0,2736438.0
MIMIC,10,180,16.0,3.6151966E8
RHC,10,200,2.0,59471.0
SA,10,200,2.0,65378.0
GA,10,200,11.0,2446567.0
MIMIC,10,200,20.0,3.76559825E8
RHC,20,20,3.0,21267.0
SA,20,20,2.0,36628.0
GA,20,20,35.0,1221708.0
MIMIC,20,20,27.0,1.2510102E7
RHC,20,40,7.0,28751.0
SA,20,40,1.0,45686.0
GA,20,40,52.0,1455652.0
MIMIC,20,40,8.0,4.0210818E7
RHC,20,60,9.0,41748.0
SA,20,60,0.0,52775.0
GA,20,60,11.0,1741584.0
MIMIC,20,60,11.0,6.9685806E7
RHC,20,80,4.0,48837.0
SA,20,80,0.0,64591.0
GA,20,80,9.0,2088562.0
MIMIC,20,80,13.0,1.15246618E8
RHC,20,100,3.0,61440.0
SA,20,100,4.0,72074.0
GA,20,100,12.0,2424906.0
MIMIC,20,100,16.0,1.70276259E8
RHC,20,120,1.0,84677.0
SA,20,120,2.0,80738.0
GA,20,120,16.0,8763058.0
MIMIC,20,120,14.0,4.48362155E8
RHC,20,140,7.0,122880.0
SA,20,140,1.0,131938.0
GA,20,140,8.0,4479596.0
MIMIC,20,140,14.0,3.78718097E8
RHC,20,160,0.0,82708.0
SA,20,160,7.0,98068.0
GA,20,160,12.0,3505223.0
MIMIC,20,160,20.0,7.16230523E8
RHC,20,180,2.0,138634.0
SA,20,180,1.0,163840.0
GA,20,180,15.0,6322399.0
MIMIC,20,180,26.0,5.98012736E8
RHC,20,200,1.0,107520.0
SA,20,200,2.0,111064.0
GA,20,200,9.0,4160975.0
MIMIC,20,200,16.0,7.27736319E8
RHC,30,20,12.0,61046.0
SA,30,20,0.0,105551.0
GA,30,20,33.0,3467808.0
MIMIC,30,20,33.0,3.5965953E7
RHC,30,40,22.0,144147.0
SA,30,40,2.0,107126.0
GA,30,40,62.0,3621014.0
MIMIC,30,40,10.0,8.7627823E7
RHC,30,60,9.0,78769.0
SA,30,60,2.0,113822.0
GA,30,60,12.0,8636633.0
MIMIC,30,60,14.0,2.02300214E8
RHC,30,80,2.0,120910.0
SA,30,80,4.0,174473.0
GA,30,80,16.0,6056947.0
MIMIC,30,80,15.0,3.04230134E8
RHC,30,100,5.0,143753.0
SA,30,100,1.0,190621.0
GA,30,100,9.0,6917499.0
MIMIC,30,100,16.0,4.38187162E8
RHC,30,120,8.0,177231.0
SA,30,120,4.0,231581.0
GA,30,120,12.0,8036808.0
MIMIC,30,120,18.0,6.08000652E8
RHC,30,140,2.0,149661.0
SA,30,140,0.0,175261.0
GA,30,140,13.0,6750902.0
MIMIC,30,140,33.0,6.62975548E8
RHC,30,160,0.0,129181.0
SA,30,160,1.0,164627.0
GA,30,160,15.0,5720603.0
MIMIC,30,160,15.0,7.60658635E8
RHC,30,180,9.0,182744.0
SA,30,180,1.0,207951.0
GA,30,180,12.0,1.1679877E7
MIMIC,30,180,26.0,7.65261111E8
RHC,30,200,1.0,147298.0
SA,30,200,2.0,165415.0
GA,30,200,13.0,5810793.0
MIMIC,30,200,20.0,8.3716663E8
RHC,40,20,19.0,40959.0
SA,40,20,1.0,70498.0
GA,40,20,35.0,2337472.0
MIMIC,40,20,35.0,2.2950547E7
RHC,40,40,9.0,59076.0
SA,40,40,4.0,86252.0
GA,40,40,55.0,2725803.0
MIMIC,40,40,17.0,6.5756411E7
RHC,40,60,8.0,71680.0
SA,40,60,2.0,98855.0
GA,40,60,8.0,3198417.0
MIMIC,40,60,14.0,1.23715474E8
RHC,40,80,6.0,95310.0
SA,40,80,1.0,112246.0
GA,40,80,11.0,3810847.0
MIMIC,40,80,8.0,2.0609255E8
RHC,40,100,4.0,107126.0
SA,40,100,2.0,131938.0
GA,40,100,19.0,4448877.0
MIMIC,40,100,17.0,2.92463612E8
RHC,40,120,8.0,130756.0
SA,40,120,5.0,153206.0
GA,40,120,13.0,5294069.0
MIMIC,40,120,19.0,3.92420763E8
RHC,40,140,6.0,139027.0
SA,40,140,3.0,172110.0
GA,40,140,9.0,5761956.0
MIMIC,40,140,21.0,5.43585284E8
RHC,40,160,1.0,146511.0
SA,40,160,1.0,190228.0
GA,40,160,11.0,9153752.0
MIMIC,40,160,16.0,7.05166227E8
RHC,40,180,3.0,165021.0
SA,40,180,1.0,198104.0
GA,40,180,9.0,6800527.0
MIMIC,40,180,14.0,8.66251712E8
RHC,40,200,2.0,189439.0
SA,40,200,1.0,204799.0
GA,40,200,13.0,7572463.0
MIMIC,40,200,21.0,1.315602024E9
RHC,50,20,20.0,52775.0
SA,50,20,6.0,88615.0
GA,50,20,35.0,2862073.0
MIMIC,50,20,34.0,3.5843073E7
RHC,50,40,16.0,136271.0
SA,50,40,0.0,211101.0
GA,50,40,52.0,7264477.0
MIMIC,50,40,64.0,1.62168953E8
RHC,50,60,31.0,174867.0
SA,50,60,0.0,244972.0
GA,50,60,11.0,8398751.0
MIMIC,50,60,20.0,2.55026253E8
RHC,50,80,3.0,133120.0
SA,50,80,1.0,203224.0
GA,50,80,10.0,6584305.0
MIMIC,50,80,26.0,2.85259394E8
RHC,50,100,10.0,139815.0
SA,50,100,0.0,173686.0
GA,50,100,14.0,9526724.0
MIMIC,50,100,23.0,3.53923172E8
RHC,50,120,4.0,162264.0
SA,50,120,4.0,187865.0
GA,50,120,10.0,6445672.0
MIMIC,50,120,18.0,4.88233478E8
RHC,50,140,5.0,172110.0
SA,50,140,0.0,195347.0
GA,50,140,10.0,7076219.0
MIMIC,50,140,16.0,9.4675566E8
RHC,50,160,3.0,201649.0
SA,50,160,4.0,215040.0
GA,50,160,14.0,7907626.0
MIMIC,50,160,14.0,8.41099963E8
RHC,50,180,5.0,216221.0
SA,50,180,2.0,233157.0
GA,50,180,11.0,8333373.0
MIMIC,50,180,18.0,1.199362522E9
RHC,50,200,0.0,334769.0
SA,50,200,9.0,420626.0
GA,50,200,13.0,1.444467E7
MIMIC,50,200,16.0,1.875873352E9
RHC,60,20,20.0,69316.0
SA,60,20,13.0,115397.0
GA,60,20,35.0,3810453.0
MIMIC,60,20,35.0,3.5622126E7
RHC,60,40,13.0,80345.0
SA,60,40,7.0,126425.0
GA,60,40,28.0,4076299.0
MIMIC,60,40,54.0,9.2617449E7
RHC,60,60,10.0,101218.0
SA,60,60,6.0,153599.0
GA,60,60,90.0,4765922.0
MIMIC,60,60,12.0,2.76495155E8
RHC,60,80,10.0,213858.0
SA,60,80,1.0,324134.0
GA,60,80,22.0,1.0642094E7
MIMIC,60,80,22.0,5.34446104E8
RHC,60,100,8.0,224886.0
SA,60,100,2.0,291051.0
GA,60,100,14.0,9980040.0
MIMIC,60,100,17.0,4.88155891E8
RHC,60,120,5.0,189834.0
SA,60,120,2.0,205194.0
GA,60,120,19.0,7679983.0
MIMIC,60,120,20.0,7.16936687E8
RHC,60,140,1.0,304049.0
SA,60,140,2.0,342251.0
GA,60,140,8.0,1.2454964E7
MIMIC,60,140,16.0,1.280778222E9
RHC,60,160,13.0,247729.0
SA,60,160,3.0,319409.0
GA,60,160,16.0,1.0701958E7
MIMIC,60,160,23.0,1.203800765E9
RHC,60,180,5.0,310744.0
SA,60,180,5.0,364307.0
GA,60,180,13.0,1.6943224E7
MIMIC,60,180,21.0,1.274842974E9
RHC,60,200,2.0,270965.0
SA,60,200,4.0,334768.0
GA,60,200,11.0,1.0894549E7
MIMIC,60,200,17.0,1.468599896E9
