Algorithm,Iteration,NumberOfPoints,Evaluation,TrainingTime
RHC,10,10,0.29786026312642416,1.3625477E7
SA,10,10,0.20753078295042027,2534790.0
GA,10,10,0.30465303067043975,2.1674497E7
MIMIC,10,10,0.2831010430316542,7.6135053E7
RHC,10,20,0.1586877226664338,543901.0
SA,10,20,0.10614288657342864,595888.0
GA,10,20,0.20754295159845432,1.4805833E7
MIMIC,10,20,0.16744367898914841,9.6340112E7
RHC,10,40,0.07861139448992446,308381.0
SA,10,40,0.04617652584414144,203618.0
GA,10,40,0.10753876928881696,1.4696737E7
MIMIC,10,40,0.07040980465080744,3.38899289E8
RHC,10,60,0.04772523129830093,167384.0
SA,10,60,0.031213645518296407,173686.0
GA,10,60,0.06974601069994651,1.3672739E7
MIMIC,10,60,0.041799886524253684,8.95851902E8
RHC,10,80,0.037401740446327915,228431.0
SA,10,80,0.023565817244461777,235913.0
GA,10,80,0.056937134922058937,1.9873048E7
MIMIC,10,80,0.0341661817797798,2.13337025E9
RHC,30,10,0.35977607472350964,111458.0
SA,30,10,0.19998972516512148,126819.0
GA,30,10,0.3597760747235097,6880874.0
MIMIC,30,10,0.2819336171586244,1.7001127E7
RHC,30,20,0.18365813232057165,164628.0
SA,30,20,0.08998734737605604,152024.0
GA,30,20,0.25423156932476937,1.0691722E7
MIMIC,30,20,0.16258785819925864,8.0981321E7
RHC,30,40,0.08646242888753729,534842.0
SA,30,40,0.054680926745521455,478916.0
GA,30,40,0.1510142777696473,3.7723699E7
MIMIC,30,40,0.10205478442135468,5.65697164E8
RHC,30,60,0.05503486496518071,341464.0
SA,30,60,0.03173843256309708,348553.0
GA,30,60,0.09341464944072432,3.0648659E7
MIMIC,30,60,0.04649060230962381,1.618641021E9
RHC,30,80,0.0416229322418973,373759.0
SA,30,80,0.023493475326829164,386756.0
GA,30,80,0.08268580512816262,3.5943912E7
MIMIC,30,80,0.03925406964325241,4.888187275E9
RHC,60,10,0.29754620510930546,197316.0
SA,60,10,0.18975091194651741,226462.0
GA,60,10,0.31927288896540684,9158482.0
MIMIC,60,10,0.3192728889654068,2.774523E7
RHC,60,20,0.21383533109748273,275692.0
SA,60,20,0.10952925359870945,289870.0
GA,60,20,0.25806412809759627,1.5436379E7
MIMIC,60,20,0.1726378378065813,1.02331289E8
RHC,60,40,0.09394621046402894,405661.0
SA,60,40,0.04155759943642566,415507.0
GA,60,40,0.15660096781132324,3.0944832E7
MIMIC,60,40,0.09176078480418716,6.85718809E8
RHC,60,60,0.07377276028916223,529328.0
SA,60,60,0.03353380074881503,561230.0
GA,60,60,0.14659023084554898,4.6673049E7
MIMIC,60,60,0.056103474813940235,3.753400364E9
RHC,60,80,0.041897779865326834,1088982.0
SA,60,80,0.02332119303787343,1149635.0
GA,60,80,0.08905873981116949,9.9731121E7
MIMIC,60,80,0.03649059118018246,8.452926213E9
RHC,100,10,0.35311341897315146,367064.0
SA,100,10,0.3950671038367429,592344.0
GA,100,10,0.395067103836743,2.1160135E7
MIMIC,100,10,0.3663538716920363,5.9168584E7
RHC,100,20,0.20190301837787497,441107.0
SA,100,20,0.19573169718905264,757759.0
GA,100,20,0.214613011110519,3.1713224E7
MIMIC,100,20,0.1627133122749322,3.01725398E8
RHC,100,40,0.12053788937271874,1207530.0
SA,100,40,0.09979490424397207,1480465.0
GA,100,40,0.16112804729660085,9.0628172E7
MIMIC,100,40,0.08993292152255536,1.751350398E9
RHC,100,60,0.06659010790212783,1732132.0
SA,100,60,0.052867048693072384,1944809.0
GA,100,60,0.13413500312878124,1.62272204E8
MIMIC,100,60,0.06532558023099516,5.594842515E9
RHC,100,80,0.05191700804346464,1656514.0
SA,100,80,0.03805044152948817,1872341.0
GA,100,80,0.11853438746244911,1.48556143E8
MIMIC,100,80,0.03963766877961306,1.3848915764E10
RHC,200,10,0.3343520677266031,964134.0
SA,200,10,0.33435206772660303,2115738.0
GA,200,10,0.3343520677266031,6.3517426E7
MIMIC,200,10,0.3173372540539695,1.62446285E8
RHC,200,20,0.21219587928197906,1140576.0
SA,200,20,0.20308181577295928,2048784.0
GA,200,20,0.23730934231912354,7.6428467E7
MIMIC,200,20,0.1616969829219171,3.92105052E8
RHC,200,40,0.12920332957551567,1124035.0
SA,200,40,0.12674946571149603,1623824.0
GA,200,40,0.16429939641201488,9.4144818E7
MIMIC,200,40,0.10928407744242287,2.4690916E9
RHC,200,60,0.0865169097025014,1855800.0
SA,200,60,0.08013341331018482,2451687.0
GA,200,60,0.1244597588550206,1.51768346E8
MIMIC,200,60,0.0875184756284975,1.0138821465E10
RHC,200,80,0.06728977898606832,2020427.0
SA,200,80,0.057427006815747264,2577718.0
GA,200,80,0.11724712647210671,1.92098515E8
MIMIC,200,80,0.048300092535422764,2.9618258597E10
RHC,400,10,0.3409399475987369,2021214.0
SA,400,10,0.34093994759873686,4574515.0
GA,400,10,0.34093994759873686,1.14296314E8
MIMIC,400,10,0.33191136658062365,3.46500899E8
RHC,400,20,0.29758377669934993,2201596.0
SA,400,20,0.271185034393927,4780496.0
GA,400,20,0.33659072464768125,1.40105401E8
MIMIC,400,20,0.25970255611062226,1.231684709E9
RHC,400,40,0.14999817285209274,3829753.0
SA,400,40,0.12975262849601713,6442918.0
GA,400,40,0.17940172456981518,2.63323496E8
MIMIC,400,40,0.1256118394932107,6.220147007E9
RHC,400,60,0.10013714311886757,6498844.0
SA,400,60,0.08594753686346836,9442051.0
GA,400,60,0.12390759334438228,4.12100981E8
MIMIC,400,60,0.07608063037430057,2.3916342106E10
RHC,400,80,0.06580059407315705,8523603.0
SA,400,80,0.06463868702486293,1.1490441E7
GA,400,80,0.10539186996828717,5.83126794E8
MIMIC,400,80,0.06765968235791624,5.9824559572E10
RHC,10,10,0.31034941731945753,40959.0
SA,10,10,0.21374400178596822,48049.0
GA,10,10,0.35271264707140443,2779761.0
MIMIC,10,10,0.2991026167336584,7882422.0
RHC,10,20,0.14842922080721369,48049.0
SA,10,20,0.09808389426876092,54745.0
GA,10,20,0.20048623093984597,4329937.0
MIMIC,10,20,0.12514380102743483,2.8681402E7
RHC,10,40,0.07174788723189619,85859.0
SA,10,40,0.04932179687688488,88615.0
GA,10,40,0.11497937791011177,8551173.0
MIMIC,10,40,0.067196906965202,2.61484632E8
RHC,10,60,0.04416678128246629,157932.0
SA,10,60,0.03370784861557318,164627.0
GA,10,60,0.07165916525774331,1.7061386E7
MIMIC,10,60,0.04219696569054219,8.19575064E8
RHC,10,80,0.03064383869022159,231187.0
SA,10,80,0.023062657359290393,237488.0
GA,10,80,0.0525123187725163,2.761605E7
MIMIC,10,80,0.027158762718285417,1.804637688E9
RHC,30,10,0.2928882603042365,65378.0
SA,30,10,0.2160428713623124,79951.0
GA,30,10,0.30849950617626165,4882108.0
MIMIC,30,10,0.28580837025193434,3.1478492E7
RHC,30,20,0.1752632727038977,203618.0
SA,30,20,0.07705552917723539,215040.0
GA,30,20,0.2387542678641521,1.7712412E7
MIMIC,30,20,0.1691905963580904,1.15137568E8
RHC,30,40,0.10061854843086308,350128.0
SA,30,40,0.042085598445682354,391088.0
GA,30,40,0.12899722977640035,3.5783223E7
MIMIC,30,40,0.06501200424343222,5.38246923E8
RHC,30,60,0.05767450863304896,268996.0
SA,30,60,0.03658877564215977,276086.0
GA,30,60,0.12239798231972718,2.8638866E7
MIMIC,30,60,0.05965043862762967,1.630661183E9
RHC,30,80,0.0375933152556906,304049.0
SA,30,80,0.023241570972491327,326892.0
GA,30,80,0.08996162006846725,3.565089E7
MIMIC,30,80,0.03625373117140326,3.826722966E9
RHC,60,10,0.41331802543080653,119729.0
SA,60,10,0.225537985895852,241034.0
GA,60,10,0.41331802543080665,8870187.0
MIMIC,60,10,0.3117724665087111,2.6806303E7
RHC,60,20,0.20640374297207129,212283.0
SA,60,20,0.08881237433014413,215434.0
GA,60,20,0.23241880676084675,1.4956281E7
MIMIC,60,20,0.1791641397782432,1.06167345E8
RHC,60,40,0.10083206197700478,320984.0
SA,60,40,0.050544964654562326,347372.0
GA,60,40,0.18702387492311803,3.0588007E7
MIMIC,60,40,0.10147066682499964,6.88128356E8
RHC,60,60,0.07628865211992288,458042.0
SA,60,60,0.03164362608980161,494670.0
GA,60,60,0.14399241115827158,4.7609614E7
MIMIC,60,60,0.05993360513401515,3.253061065E9
RHC,60,80,0.046850834110611,618337.0
SA,60,80,0.025250802162203604,632910.0
GA,60,80,0.09504602862450223,6.7373961E7
MIMIC,60,80,0.04518890619699169,9.374045664E9
RHC,100,10,0.34099977968407946,306806.0
SA,100,10,0.3347808247507049,511999.0
GA,100,10,0.3250623334977242,2.4956805E7
MIMIC,100,10,0.341087820747135,6.4657215E7
RHC,100,20,0.18172191655114564,428504.0
SA,100,20,0.2130016118237978,601008.0
GA,100,20,0.2530888052983378,3.1303625E7
MIMIC,100,20,0.18040908370819822,2.03144698E8
RHC,100,40,0.11375372245172405,564774.0
SA,100,40,0.10163003029788527,675445.0
GA,100,40,0.16050404828854875,5.1559096E7
MIMIC,100,40,0.101998517261853,1.566764485E9
RHC,100,60,0.07895610701066111,756577.0
SA,100,60,0.05737804222023378,855038.0
GA,100,60,0.1328892206097233,7.7830952E7
MIMIC,100,60,0.06851672200386744,4.421109407E9
RHC,100,80,0.05311920326387037,1002336.0
SA,100,80,0.04039290563549588,1096071.0
GA,100,80,0.11717471284388883,1.01976041E8
MIMIC,100,80,0.04910695007958834,1.6063362644E10
RHC,200,10,0.4882950815753838,372972.0
SA,200,10,0.4882950815753838,911358.0
GA,200,10,0.4882950815753839,3.0343823E7
MIMIC,200,10,0.4149579981974412,8.7267488E7
RHC,200,20,0.22356062158157233,591949.0
SA,200,20,0.1762862717647472,1121278.0
GA,200,20,0.23264769615376898,4.0980014E7
MIMIC,200,20,0.18084273602933357,5.08405253E8
RHC,200,40,0.1296205557520252,1780181.0
SA,200,40,0.1139762527072077,2694691.0
GA,200,40,0.15613383741207798,1.37110994E8
MIMIC,200,40,0.10506253525921098,2.838782119E9
RHC,200,60,0.07085975648173884,1767579.0
SA,200,60,0.0741037481707369,2356771.0
GA,200,60,0.11907971958965026,1.61721215E8
MIMIC,200,60,0.06644908599045544,1.034454979E10
RHC,200,80,0.06161648355115835,4272435.0
SA,200,80,0.059241167672411665,5355511.0
GA,200,80,0.12278451197131317,3.22115959E8
MIMIC,200,80,0.05451885209261704,3.1478669921E10
RHC,400,10,0.4643460080666793,736491.0
SA,400,10,0.47557442066373795,2098015.0
GA,400,10,0.475574420663738,5.5132456E7
MIMIC,400,10,0.3730937873778703,1.76566037E8
RHC,400,20,0.20116558710831742,1161844.0
SA,400,20,0.24295653870002717,2549362.0
GA,400,20,0.24139446637706086,9.4725346E7
MIMIC,400,20,0.17273861098671053,8.54193293E8
RHC,400,40,0.14293695226385414,3155490.0
SA,400,40,0.10998005771172323,5237751.0
GA,400,40,0.19434921403196784,2.31700858E8
MIMIC,400,40,0.11679555937439326,5.391839995E9
RHC,400,60,0.08979507172327786,3018825.0
SA,400,60,0.08521449230728308,4355143.0
GA,400,60,0.1248379434635881,2.78005662E8
MIMIC,400,60,0.07699643046431782,2.6181477684E10
RHC,400,80,0.06703803357728305,5633171.0
SA,400,80,0.0804644869781616,7603581.0
GA,400,80,0.11529511886053675,4.35100373E8
MIMIC,400,80,0.055600271972327885,5.7693210932E10
RHC,10,10,0.28409540222664714,26387.0
SA,10,10,0.21576804072877756,29932.0
GA,10,10,0.31203796189679606,1695110.0
MIMIC,10,10,0.28103347075597185,5236963.0
RHC,10,20,0.1727233686927087,32295.0
SA,10,20,0.08494561423966172,37810.0
GA,10,20,0.21388026229545445,2972351.0
MIMIC,10,20,0.1558263012753873,2.0351176E7
RHC,10,40,0.0787000070405522,57895.0
SA,10,40,0.04716986624557405,61833.0
GA,10,40,0.10891543462268828,6069552.0
MIMIC,10,40,0.07917414866171239,1.29989481E8
RHC,10,60,0.04347020833852912,83496.0
SA,10,60,0.03264438338576936,86646.0
GA,10,60,0.07475993833790497,9291602.0
MIMIC,10,60,0.04259094736576507,5.35540811E8
RHC,10,80,0.03089394380014393,228825.0
SA,10,80,0.02290137480860688,235125.0
GA,10,80,0.04900495795012593,2.7507348E7
MIMIC,10,80,0.03053809413092015,2.146217488E9
RHC,30,10,0.26239759403011675,72861.0
SA,30,10,0.18692202147406495,92554.0
GA,30,10,0.3005524208951318,5552433.0
MIMIC,30,10,0.25746902872894656,1.5258361E7
RHC,30,20,0.18528670051201493,111065.0
SA,30,20,0.08387486179627641,121698.0
GA,30,20,0.27046505359887835,8650815.0
MIMIC,30,20,0.14341887824543278,5.6980379E7
RHC,30,40,0.09715792141432451,174474.0
SA,30,40,0.052620628422125455,189046.0
GA,30,40,0.1536690703237755,1.6949139E7
MIMIC,30,40,0.06876760436644318,3.55426226E8
RHC,30,60,0.06681735724352053,231975.0
SA,30,60,0.03296173847643082,246941.0
GA,30,60,0.09700136138233333,2.5851622E7
MIMIC,30,60,0.05409839294406639,1.960090852E9
RHC,30,80,0.042111145663112845,499396.0
SA,30,80,0.023975021731154948,513969.0
GA,30,80,0.07777957858629762,5.8476992E7
MIMIC,30,80,0.03578009485535886,6.11462675E9
RHC,60,10,0.34651612298316065,155568.0
SA,60,10,0.2201003285860364,199286.0
GA,60,10,0.34651612298316065,1.2163523E7
MIMIC,60,10,0.32835059275119216,3.510699E7
RHC,60,20,0.22558733415516843,235913.0
SA,60,20,0.08471724177581351,287114.0
GA,60,20,0.22855595225977893,1.9143646E7
MIMIC,60,20,0.15742613850916667,2.14813946E8
RHC,60,40,0.12196595213455816,581710.0
SA,60,40,0.052639666996059424,641968.0
GA,60,40,0.16176115885490627,5.7963811E7
MIMIC,60,40,0.10271111967238947,1.192171376E9
RHC,60,60,0.07071480257308035,542325.0
SA,60,60,0.02931484804703069,572651.0
GA,60,60,0.10770977657640403,5.7377376E7
MIMIC,60,60,0.06324156441189568,2.950100174E9
RHC,60,80,0.045166666817994035,602977.0
SA,60,80,0.026098550927152457,633304.0
GA,60,80,0.11065078335355333,6.6858416E7
MIMIC,60,80,0.038329450315834034,9.690265361E9
RHC,100,10,0.3178351893806479,190227.0
SA,100,10,0.317835189380648,326104.0
GA,100,10,0.3177916056061226,1.517841E7
MIMIC,100,10,0.29479594791574437,4.3927553E7
RHC,100,20,0.21581440501058724,296960.0
SA,100,20,0.20016225744281466,415900.0
GA,100,20,0.2676670306149864,2.4630701E7
MIMIC,100,20,0.20963212948134002,1.67909708E8
RHC,100,40,0.1000305632041694,523420.0
SA,100,40,0.08800857130738758,612824.0
GA,100,40,0.160240783954576,4.650094E7
MIMIC,100,40,0.0870459290278261,1.636772484E9
RHC,100,60,0.0791981842968713,827863.0
SA,100,60,0.062288649288255206,923174.0
GA,100,60,0.13060665646063077,8.0111711E7
MIMIC,100,60,0.058984241590581146,4.82900018E9
RHC,100,80,0.05198932857696785,1524182.0
SA,100,80,0.04054928113516198,1646668.0
GA,100,80,0.10011684160660132,1.45234056E8
MIMIC,100,80,0.040030945888802565,1.5125560294E10
RHC,200,10,0.32746178946982335,409205.0
SA,200,10,0.32463919270833125,983826.0
GA,200,10,0.32746178946982335,4.2549488E7
MIMIC,200,10,0.2918863311782007,1.89124982E8
RHC,200,20,0.20619786557404748,1261881.0
SA,200,20,0.21543971481697224,2443417.0
GA,200,20,0.21588881365618606,9.405699E7
MIMIC,200,20,0.19830620875094132,6.03071129E8
RHC,200,40,0.12054864660962031,1490311.0
SA,200,40,0.11517538170509942,2250827.0
GA,200,40,0.15822790916114138,1.14041102E8
MIMIC,200,40,0.1047824508694607,2.845714194E9
RHC,200,60,0.08959400683257951,2995982.0
SA,200,60,0.07921667419917189,3996350.0
GA,200,60,0.137004970570903,2.78405808E8
MIMIC,200,60,0.06329996804640817,1.1038234517E10
RHC,200,80,0.05867212694951514,2145276.0
SA,200,80,0.05748247327905089,2639159.0
GA,200,80,0.10836802829638914,1.9312015E8
MIMIC,200,80,0.05413293704324888,3.1317890784E10
RHC,400,10,0.38041058415054974,745943.0
SA,400,10,0.3912491688313561,2091714.0
GA,400,10,0.38767297884677493,5.4357762E7
MIMIC,400,10,0.36860986213892044,1.79611645E8
RHC,400,20,0.22885012349489028,1163814.0
SA,400,20,0.2075381592706333,2548574.0
GA,400,20,0.23075714240882658,9.9867786E7
MIMIC,400,20,0.2472084511684591,6.65088791E8
RHC,400,40,0.13763288761822318,2050753.0
SA,400,40,0.12279044832619873,3448905.0
GA,400,40,0.18260136539519567,1.75479419E8
MIMIC,400,40,0.12095429216762706,5.412650789E9
RHC,400,60,0.08678329777690831,2929029.0
SA,400,60,0.08893143486478958,4341359.0
GA,400,60,0.1174461995531102,2.84771532E8
MIMIC,400,60,0.08088250443619381,2.2663084904E10
RHC,400,80,0.07089576910073737,8803234.0
SA,400,80,0.060849640298234926,1.1469961E7
GA,400,80,0.11128958987231229,5.90194745E8
MIMIC,400,80,0.05443376763591967,5.9458636578E10
RHC,10,10,0.340813755132886,25600.0
SA,10,10,0.17852832033765145,29538.0
GA,10,10,0.36526895607065246,1706926.0
MIMIC,10,10,0.3265136273697367,5376385.0
RHC,10,20,0.12810746546521984,32295.0
SA,10,20,0.0883881184586729,37021.0
GA,10,20,0.18404946447599274,3007010.0
MIMIC,10,20,0.1402974770296977,2.0434278E7
RHC,10,40,0.06875829129991752,57896.0
SA,10,40,0.04362747479702478,61439.0
GA,10,40,0.10528480252152357,5979756.0
MIMIC,10,40,0.06820499996098894,1.36376078E8
RHC,10,60,0.04669537035610656,83889.0
SA,10,60,0.03184887101489397,87040.0
GA,10,60,0.07312245226518348,9319959.0
MIMIC,10,60,0.044341604686632785,5.02521596E8
RHC,10,80,0.034442556889602884,108701.0
SA,10,80,0.026850995737605576,110671.0
GA,10,80,0.05556483291011014,1.2818094E7
MIMIC,10,80,0.03424988400359937,1.616417369E9
RHC,30,10,0.380518867643319,77588.0
SA,30,10,0.22259340788224893,100431.0
GA,30,10,0.38051886764331905,5827337.0
MIMIC,30,10,0.2837649942529718,1.6992856E7
RHC,30,20,0.23212284366938862,105945.0
SA,30,20,0.09528651213536155,123273.0
GA,30,20,0.2833173365286857,9332168.0
MIMIC,30,20,0.19456669060732168,5.9567156E7
RHC,30,40,0.09544919329717713,184320.0
SA,30,40,0.044039192888596757,199680.0
GA,30,40,0.15057457511335545,1.8546576E7
MIMIC,30,40,0.09685409864900352,3.59638009E8
RHC,30,60,0.05685792134350816,235126.0
SA,30,60,0.030383809072589776,247335.0
GA,30,60,0.10508518404890453,2.5769308E7
MIMIC,30,60,0.04847899835141698,1.616610747E9
RHC,30,80,0.0397029273355502,315470.0
SA,30,80,0.022311327611685076,322559.0
GA,30,80,0.08225019091454529,4.0463682E7
MIMIC,30,80,0.03873161871618327,3.859683498E9
RHC,60,10,0.3967519965183661,116972.0
SA,60,10,0.18660423136949866,151630.0
GA,60,10,0.3967519965183661,8697289.0
MIMIC,60,10,0.3242478854623096,2.6416002E7
RHC,60,20,0.18811841520414838,179988.0
SA,60,20,0.09556597321024717,215827.0
GA,60,20,0.21485568495387442,1.5233155E7
MIMIC,60,20,0.17015878100208734,1.01733432E8
RHC,60,40,0.11051300692146959,316652.0
SA,60,40,0.04660571524128486,348947.0
GA,60,40,0.16968946000157442,3.0440315E7
MIMIC,60,40,0.08599613925250575,6.92270823E8
RHC,60,60,0.06083702526785114,453316.0
SA,60,60,0.03500293274901394,492307.0
GA,60,60,0.12077611942351812,4.9559937E7
MIMIC,60,60,0.05634400603308683,3.38872192E9
RHC,60,80,0.044061505128620594,605735.0
SA,60,80,0.02404358458296412,618731.0
GA,60,80,0.09631340857313288,6.5803699E7
MIMIC,60,80,0.03890783475853507,8.771092689E9
RHC,100,10,0.35779978310900096,333193.0
SA,100,10,0.35779978310900096,544295.0
GA,100,10,0.35779978310900096,2.5991437E7
MIMIC,100,10,0.33636488005204646,7.2452991E7
RHC,100,20,0.24349535394033608,453316.0
SA,100,20,0.24543805307241118,637636.0
GA,100,20,0.2902535581481005,3.2204349E7
MIMIC,100,20,0.20506924916383074,2.18811083E8
RHC,100,40,0.10355129879187769,589586.0
SA,100,40,0.09000684675148869,706559.0
GA,100,40,0.17275820751616391,5.4492457E7
MIMIC,100,40,0.10502479925461845,1.879571118E9
RHC,100,60,0.07776314031437294,1224072.0
SA,100,60,0.05880673226483394,1378459.0
GA,100,60,0.14629168485615382,1.15855548E8
MIMIC,100,60,0.06102840401882508,4.479456036E9
RHC,100,80,0.053279873513904695,991703.0
SA,100,80,0.043115391510022597,1097253.0
GA,100,80,0.11219462753140157,1.03266279E8
MIMIC,100,80,0.03746676232293924,1.4773913016E10
RHC,200,10,0.2829037726014575,689623.0
SA,200,10,0.3021835852073684,1675418.0
GA,200,10,0.30218358520736843,4.9168455E7
MIMIC,200,10,0.30218358520736843,1.34734137E8
RHC,200,20,0.2109248717275954,844404.0
SA,200,20,0.22405704545349114,1617129.0
GA,200,20,0.233130998643869,6.3654484E7
MIMIC,200,20,0.18695752564033163,5.59107341E8
RHC,200,40,0.12733999128426113,1495037.0
SA,200,40,0.12465262983434834,2246888.0
GA,200,40,0.14467171766597028,1.27165215E8
MIMIC,200,40,0.12026601739908185,2.625562854E9
RHC,200,60,0.08941346248328694,1507641.0
SA,200,60,0.07933242625465822,2010581.0
GA,200,60,0.14920396861671792,1.33094558E8
MIMIC,200,60,0.07020828530367038,1.1347057403E10
RHC,200,80,0.06923683308399867,1958594.0
SA,200,80,0.04836960390307328,2487922.0
GA,200,80,0.1099165769490295,2.42466623E8
MIMIC,200,80,0.04654041048843936,3.4132548689E10
RHC,400,10,0.3052090980737469,1284330.0
SA,400,10,0.31025402951323416,3603292.0
GA,400,10,0.31025402951323416,9.7337723E7
MIMIC,400,10,0.3052090980737469,2.27574932E8
RHC,400,20,0.22549000443151748,1311111.0
SA,400,20,0.21290905993014836,2877435.0
GA,400,20,0.23180070595323624,1.04706966E8
MIMIC,400,20,0.22865568548308743,8.63256857E8
RHC,400,40,0.14696907745047852,3155490.0
SA,400,40,0.12333582265802913,5263351.0
GA,400,40,0.14887697612641448,2.37779468E8
MIMIC,400,40,0.11321826412790761,7.150491893E9
RHC,400,60,0.10103327849145581,6108149.0
SA,400,60,0.08378428819936011,8064380.0
GA,400,60,0.14817251535156317,3.96967469E8
MIMIC,400,60,0.07715133062295648,2.1286295714E10
RHC,400,80,0.0656372131150861,3951845.0
SA,400,80,0.06970938964126142,5206243.0
GA,400,80,0.10659843774957485,6.16255104E8
MIMIC,400,80,0.061490838037632944,6.0014656958E10
RHC,10,10,0.4307278867747095,26781.0
SA,10,10,0.18169106302513932,29145.0
GA,10,10,0.43072788677470963,1760095.0
MIMIC,10,10,0.32493066576249585,5153074.0
RHC,10,20,0.17224690050293495,32690.0
SA,10,20,0.09083556447780669,36628.0
GA,10,20,0.20550054393313177,3009767.0
MIMIC,10,20,0.15284248353447102,2.0002623E7
RHC,10,40,0.06818010473196978,57895.0
SA,10,40,0.045225186994401874,59471.0
GA,10,40,0.10828102151112358,6008507.0
MIMIC,10,40,0.061517421071092274,1.35108289E8
RHC,10,60,0.04223617710666895,84283.0
SA,10,60,0.027960618966655224,86646.0
GA,10,60,0.07014890162578916,9510974.0
MIMIC,10,60,0.045474545553725224,6.89086976E8
RHC,10,80,0.03032070066552831,159508.0
SA,10,80,0.026144294374476174,160689.0
GA,10,80,0.05070363530146614,1.8563905E7
MIMIC,10,80,0.03003357158311157,2.051051824E9
RHC,30,10,0.2778771311076322,120123.0
SA,30,10,0.16190413643577192,147299.0
GA,30,10,0.3306767075065486,8797720.0
MIMIC,30,10,0.2218542031279158,2.5877222E7
RHC,30,20,0.20578007941537946,173686.0
SA,30,20,0.08684189081664102,206375.0
GA,30,20,0.26354277970016965,1.5449376E7
MIMIC,30,20,0.18838926237985174,9.0777045E7
RHC,30,40,0.09114282434592556,270571.0
SA,30,40,0.05293326179738943,291445.0
GA,30,40,0.14703429053801562,2.7484111E7
MIMIC,30,40,0.08443963170385987,6.10623115E8
RHC,30,60,0.06144084731231197,308381.0
SA,30,60,0.035108944368508754,318228.0
GA,30,60,0.11372854327194754,3.2838834E7
MIMIC,30,60,0.055565615280261486,1.924398608E9
RHC,30,80,0.04161869341356264,406448.0
SA,30,80,0.0223730833323339,408812.0
GA,30,80,0.08418149955204748,4.3477781E7
MIMIC,30,80,0.03828666681983622,4.457152174E9
RHC,60,10,0.3575947301449543,118941.0
SA,60,10,0.20135541591349054,152812.0
GA,60,10,0.3579968915833445,9183295.0
MIMIC,60,10,0.34971358133213126,2.7087115E7
RHC,60,20,0.1970243628449152,181957.0
SA,60,20,0.0833765217362497,215039.0
GA,60,20,0.19129482228684958,1.5877485E7
MIMIC,60,20,0.14648105223326346,1.02704261E8
RHC,60,40,0.10358323579044684,317045.0
SA,60,40,0.048818227871843006,346190.0
GA,60,40,0.16749172490694358,3.0275294E7
MIMIC,60,40,0.1013084409066045,9.06572768E8
RHC,60,60,0.06469911118300271,627396.0
SA,60,60,0.033536130803972955,657722.0
GA,60,60,0.14781915044178748,6.4730076E7
MIMIC,60,60,0.06188045568039691,4.113044673E9
RHC,60,80,0.05078031243075879,604946.0
SA,60,80,0.024722940446196152,638029.0
GA,60,80,0.10365451905388488,6.8291227E7
MIMIC,60,80,0.0433248305870655,8.302096794E9
RHC,100,10,0.3078382142786141,192197.0
SA,100,10,0.2849256498383139,316258.0
GA,100,10,0.31053333021977586,1.5608883E7
MIMIC,100,10,0.2955153240692012,4.397127E7
RHC,100,20,0.23921716954256914,299717.0
SA,100,20,0.19739935641046197,420233.0
GA,100,20,0.23230277735711435,2.5592865E7
MIMIC,100,20,0.2293601713636475,1.71918268E8
RHC,100,40,0.12087830764028101,519876.0
SA,100,40,0.09086858838341934,648269.0
GA,100,40,0.17912569185909005,4.7880973E7
MIMIC,100,40,0.10911873955106736,1.1307945E9
RHC,100,60,0.07346934629539704,760909.0
SA,100,60,0.06870789143875478,846768.0
GA,100,60,0.15083940555218442,7.2191084E7
MIMIC,100,60,0.058437339441533606,5.463419437E9
RHC,100,80,0.05555527834400603,1002731.0
SA,100,80,0.039636060073581794,1095678.0
GA,100,80,0.11440575779666308,9.8070276E7
MIMIC,100,80,0.04592728834196869,1.5118909821E10
RHC,200,10,0.32750081040175566,371790.0
SA,200,10,0.32750081040175566,909389.0
GA,200,10,0.32750081040175577,2.7682216E7
MIMIC,200,10,0.2995371419465892,8.780745E7
RHC,200,20,0.18921844196963689,588799.0
SA,200,20,0.22299229769515028,1121278.0
GA,200,20,0.223532448294716,5.112114E7
MIMIC,200,20,0.19435947911751938,3.35637854E8
RHC,200,40,0.12822561818669076,1040145.0
SA,200,40,0.12302581213413369,1557659.0
GA,200,40,0.15066671836493384,9.2940832E7
MIMIC,200,40,0.1035567657268274,2.249123792E9
RHC,200,60,0.0882361671151231,1512366.0
SA,200,60,0.07523660046539073,2015307.0
GA,200,60,0.13944252412822788,1.39683593E8
MIMIC,200,60,0.07260221184467026,1.0033061357E10
RHC,200,80,0.058150846602208116,4313395.0
SA,200,80,0.05621341447901395,5373628.0
GA,200,80,0.09724748478981851,3.89313476E8
MIMIC,200,80,0.04863824644843461,3.2478903865E10
RHC,400,10,0.3280822915248153,736885.0
SA,400,10,0.3299905813727482,2145670.0
GA,400,10,0.33134583383320726,6.0392262E7
MIMIC,400,10,0.30856085369274994,1.76367539E8
RHC,400,20,0.20063102547070608,1166570.0
SA,400,20,0.1842932790348371,2585202.0
GA,400,20,0.24219575518580785,9.3805717E7
MIMIC,400,20,0.19645065154262134,6.65861122E8
RHC,400,40,0.14136891032230584,2046027.0
SA,400,40,0.12509503744188605,3425274.0
GA,400,40,0.16754028000287083,1.86162082E8
MIMIC,400,40,0.1230087046021546,5.375203963E9
RHC,400,60,0.09342038196370472,2993619.0
SA,400,60,0.0813339058194705,4332694.0
GA,400,60,0.13631942053853607,2.70680136E8
MIMIC,400,60,0.0739910544523918,2.3963496434E10
RHC,400,80,0.06283622422312873,4474872.0
SA,400,80,0.06282095123826113,6019140.0
GA,400,80,0.11410878249141942,3.52812667E8
MIMIC,400,80,0.05611523466750768,5.9730328108E10
RHC,10,10,0.4126284739212218,26782.0
SA,10,10,0.26681633935357746,28357.0
GA,10,10,0.4281013665191163,1719529.0
MIMIC,10,10,0.32414822552988315,5354723.0
RHC,10,20,0.14731507389432205,32689.0
SA,10,20,0.10477496482638518,37022.0
GA,10,20,0.22276963759671636,3059391.0
MIMIC,10,20,0.12770623685314875,2.0026648E7
RHC,10,40,0.07271427653337602,56714.0
SA,10,40,0.05185209072619872,63015.0
GA,10,40,0.11514803189519282,6083337.0
MIMIC,10,40,0.07217021791183446,1.30019018E8
RHC,10,60,0.04409963971468185,83496.0
SA,10,60,0.03433992396422433,87434.0
GA,10,60,0.07729321948983187,9396365.0
MIMIC,10,60,0.04679776256697657,5.0742694E8
RHC,10,80,0.032699970648863465,109883.0
SA,10,80,0.02271225399544691,112246.0
GA,10,80,0.05073935848062692,1.3123718E7
MIMIC,10,80,0.029394941040507005,1.403158325E9
RHC,30,10,0.336235787721967,63409.0
SA,30,10,0.2080706150509295,78770.0
GA,30,10,0.3335525140171586,4792311.0
MIMIC,30,10,0.2494401631055686,1.3907077E7
RHC,30,20,0.19259834092949735,94523.0
SA,30,20,0.08239147170793319,108307.0
GA,30,20,0.23969884830418817,8235309.0
MIMIC,30,20,0.2064118790771415,5.4061591E7
RHC,30,40,0.09080932896125277,164234.0
SA,30,40,0.05151081540583426,174868.0
GA,30,40,0.1341087981984744,1.669117E7
MIMIC,30,40,0.09069183202886404,3.57233976E8
RHC,30,60,0.05528592728039855,238670.0
SA,30,60,0.03454078771468743,244184.0
GA,30,60,0.10472934460240435,2.6347867E7
MIMIC,30,60,0.052388645498517454,1.792723075E9
RHC,30,80,0.03883049856646618,466313.0
SA,30,80,0.024155160883294283,482855.0
GA,30,80,0.07610491863706206,5.344286E7
MIMIC,30,80,0.036655359961650674,4.414532582E9
RHC,60,10,0.2887813263890296,118547.0
SA,60,10,0.2993514407369635,154387.0
GA,60,10,0.33912166413876244,9221498.0
MIMIC,60,10,0.2726874926729209,2.6804334E7
RHC,60,20,0.20759049380236227,182350.0
SA,60,20,0.10971843541981982,215040.0
GA,60,20,0.2705272596324307,1.5118546E7
MIMIC,60,20,0.18617183131185674,1.02067019E8
RHC,60,40,0.10378194783053342,315076.0
SA,60,40,0.0460467160447481,351704.0
GA,60,40,0.17355057258861187,3.0506482E7
MIMIC,60,40,0.09715712068586575,8.61876429E8
RHC,60,60,0.06416770106163264,734522.0
SA,60,60,0.03467589312836911,793992.0
GA,60,60,0.12316959640619009,7.1591652E7
MIMIC,60,60,0.055166123756192606,3.890151777E9
RHC,60,80,0.046472992353059954,606128.0
SA,60,80,0.027634355283376034,635666.0
GA,60,80,0.09744332436940212,6.6977753E7
MIMIC,60,80,0.043640101530093636,9.685007525E9
RHC,100,10,0.30307392846440734,261907.0
SA,100,10,0.27776991709501414,434018.0
GA,100,10,0.3030739284644074,1.7236252E7
MIMIC,100,10,0.2392171745136915,5.4703165E7
RHC,100,20,0.18253465070270317,369033.0
SA,100,20,0.17856493822427824,528147.0
GA,100,20,0.24226083226050837,2.9701461E7
MIMIC,100,20,0.19268646941966033,1.82573362E8
RHC,100,40,0.1208344845139411,521845.0
SA,100,40,0.08637956511223455,632516.0
GA,100,40,0.15179792130479128,5.0624895E7
MIMIC,100,40,0.10220536829314605,1.619118755E9
RHC,100,60,0.07213315902521532,759334.0
SA,100,60,0.050714750407518314,848343.0
GA,100,60,0.11361962675992315,7.6284321E7
MIMIC,100,60,0.052828400291851596,5.555586363E9
RHC,100,80,0.05110179835968441,1978285.0
SA,100,80,0.037080372601795634,2126372.0
GA,100,80,0.10471656259858952,1.80731741E8
MIMIC,100,80,0.04393584598734804,1.6104781796E10
RHC,200,10,0.3340712453765037,810141.0
SA,200,10,0.3340712453765037,1973954.0
GA,200,10,0.33297623794766573,6.302827E7
MIMIC,200,10,0.31895365724083985,1.54328342E8
RHC,200,20,0.209763631094165,956257.0
SA,200,20,0.20650900661056976,1816416.0
GA,200,20,0.2699134556144886,7.103948E7
MIMIC,200,20,0.22043541254956533,3.90723836E8
RHC,200,40,0.11277496946406532,1031875.0
SA,200,40,0.10981338506654795,1552933.0
GA,200,40,0.19801187072270834,8.8606563E7
MIMIC,200,40,0.10645509972425365,2.9749853E9
RHC,200,60,0.08271068100548824,1766791.0
SA,200,60,0.08407575587290035,2380008.0
GA,200,60,0.14471268707952079,1.57806391E8
MIMIC,200,60,0.0793362368264232,1.0431551038E10
RHC,200,80,0.0704292099150972,4305125.0
SA,200,80,0.053824070326836,5270440.0
GA,200,80,0.1071018898533963,3.44361531E8
MIMIC,200,80,0.05056419770126098,3.1190146223E10
RHC,400,10,0.2671242067005008,740823.0
SA,400,10,0.2671242067005008,2096045.0
GA,400,10,0.26264227171113597,5.9705001E7
MIMIC,400,10,0.2671242067005008,1.7859828E8
RHC,400,20,0.22881040016160786,1169327.0
SA,400,20,0.2204401677192698,2563147.0
GA,400,20,0.2439523178340405,9.8876871E7
MIMIC,400,20,0.21936055524616532,6.6403998E8
RHC,400,40,0.12297466581113407,2039726.0
SA,400,40,0.11458287148824386,3427243.0
GA,400,40,0.15540307169069995,1.51081873E8
MIMIC,400,40,0.10889850525937485,4.761973985E9
RHC,400,60,0.0986417849541704,2456414.0
SA,400,60,0.08354497463676869,3635193.0
GA,400,60,0.14512455212380165,2.12237802E8
MIMIC,400,60,0.10324737185509936,2.0961066801E10
RHC,400,80,0.06893312433098107,3919944.0
SA,400,80,0.07435674100408937,5283043.0
GA,400,80,0.11493830514640233,3.79278294E8
MIMIC,400,80,0.06563715339846272,6.5768265272E10
RHC,10,10,0.3086320942611106,27175.0
SA,10,10,0.21186425157698083,28751.0
GA,10,10,0.3613377357607264,1707320.0
MIMIC,10,10,0.32614500280019404,5275954.0
RHC,10,20,0.16570271884511587,32689.0
SA,10,20,0.09978746670415028,37415.0
GA,10,20,0.19753009974381172,3003860.0
MIMIC,10,20,0.16159283955316978,2.0158586E7
RHC,10,40,0.05206175930102659,57895.0
SA,10,40,0.04465278477631634,61046.0
GA,10,40,0.10256313783290054,6053405.0
MIMIC,10,40,0.06032391274492006,1.31527841E8
RHC,10,60,0.04813575145363883,83102.0
SA,10,60,0.029499116141372777,87434.0
GA,10,60,0.07586362873464388,9393608.0
MIMIC,10,60,0.043209485995326855,5.16111233E8
RHC,10,80,0.031020003833792414,153206.0
SA,10,80,0.022500617093227333,159113.0
GA,10,80,0.05211457553488388,1.846505E7
MIMIC,10,80,0.03025213877062131,1.464068888E9
RHC,30,10,0.3199599283620527,63015.0
SA,30,10,0.16108814079930783,79163.0
GA,30,10,0.35521045510151084,4561124.0
MIMIC,30,10,0.330562205894029,1.3988996E7
RHC,30,20,0.1876210050262642,94129.0
SA,30,20,0.10500349515401224,109095.0
GA,30,20,0.20097404655365944,8270361.0
MIMIC,30,20,0.16436072918905026,5.3288472E7
RHC,30,40,0.07931921564031051,163839.0
SA,30,40,0.04586609208862747,177231.0
GA,30,40,0.15286612180401624,1.650882E7
MIMIC,30,40,0.0703011124689367,6.81989881E8
RHC,30,60,0.05864363423290849,500971.0
SA,30,60,0.031494556397368444,542325.0
GA,30,60,0.10464119674822144,5.8707785E7
MIMIC,30,60,0.049211896033902656,1.597389514E9
RHC,30,80,0.0409710140537888,311532.0
SA,30,80,0.02502339769132323,328467.0
GA,30,80,0.08806823208040948,3.6022681E7
MIMIC,30,80,0.04000812584690636,4.881343422E9
RHC,60,10,0.3117756909249236,120123.0
SA,60,10,0.19491838614212642,154387.0
GA,60,10,0.3117756909249236,9368402.0
MIMIC,60,10,0.27069840376559356,2.7014253E7
RHC,60,20,0.22020662048501885,181562.0
SA,60,20,0.11262303301306315,216615.0
GA,60,20,0.2497418480946962,1.5693954E7
MIMIC,60,20,0.1655266653417276,1.02453776E8
RHC,60,40,0.10646954304723039,315077.0
SA,60,40,0.051902389180253014,343434.0
GA,60,40,0.15316100088787651,3.0907022E7
MIMIC,60,40,0.09506314947978145,1.096873379E9
RHC,60,60,0.06646707836646057,990916.0
SA,60,60,0.03223899844172915,1057475.0
GA,60,60,0.11934840900387687,1.05487173E8
MIMIC,60,60,0.059474783832595135,3.093926628E9
RHC,60,80,0.041342571054131465,610066.0
SA,60,80,0.02307897789953963,639998.0
GA,60,80,0.09143573235255303,6.7898169E7
MIMIC,60,80,0.03653389510817547,9.261721333E9
RHC,100,10,0.31181311786761895,249698.0
SA,100,10,0.3118131178676189,422202.0
GA,100,10,0.311813117867619,1.7777003E7
MIMIC,100,10,0.2898424781780929,5.4854007E7
RHC,100,20,0.23962887676922864,351310.0
SA,100,20,0.18758015248827248,496246.0
GA,100,20,0.270966096987449,2.9054373E7
MIMIC,100,20,0.19921906292302027,3.28534852E8
RHC,100,40,0.11625945671886033,845192.0
SA,100,40,0.09959960892181287,1013364.0
GA,100,40,0.16019954070738351,7.8443381E7
MIMIC,100,40,0.08683400175858226,1.195615161E9
RHC,100,60,0.07051003236495076,753033.0
SA,100,60,0.05905909606965959,861734.0
GA,100,60,0.13399570182142084,7.3596325E7
MIMIC,100,60,0.06420124822381995,5.639599112E9
RHC,100,80,0.05423357925937333,1127580.0
SA,100,80,0.03914972790784224,1242583.0
GA,100,80,0.1155266720391826,1.11317662E8
MIMIC,100,80,0.0382237810065812,1.4857797372E10
RHC,200,10,0.3393527450319941,377304.0
SA,200,10,0.2828604573673695,906239.0
GA,200,10,0.3393527450319941,2.7048912E7
MIMIC,200,10,0.3216867437520486,8.7320264E7
RHC,200,20,0.22223513944245407,584073.0
SA,200,20,0.2191971190556182,1118915.0
GA,200,20,0.23376180973203456,4.902155E7
MIMIC,200,20,0.20459665458076765,3.38974513E8
RHC,200,40,0.14067718483256028,1030299.0
SA,200,40,0.11703351869009923,1548207.0
GA,200,40,0.1580497335297521,8.7593986E7
MIMIC,200,40,0.11959535974458892,2.036158557E9
RHC,200,60,0.09661533153587358,1289843.0
SA,200,60,0.0797654176383678,1677782.0
GA,200,60,0.13806061618698512,1.20560427E8
MIMIC,200,60,0.0743753697032407,1.0789182011E10
RHC,200,80,0.05683638088589025,4253137.0
SA,200,80,0.057720103819910246,5246809.0
GA,200,80,0.11434028634631153,3.10880336E8
MIMIC,200,80,0.05429887187385748,2.8223399776E10
RHC,400,10,0.41248842564107935,729402.0
SA,400,10,0.37828377875492464,2101953.0
GA,400,10,0.41248842564107935,5.9881838E7
MIMIC,400,10,0.3325540337542536,1.78057925E8
RHC,400,20,0.21879766552483668,1164995.0
SA,400,20,0.23741865734392884,2546605.0
GA,400,20,0.24683049799745127,9.8991874E7
MIMIC,400,20,0.2143299498857767,6.78084115E8
RHC,400,40,0.14422214971553649,4426036.0
SA,400,40,0.15531121183014393,7412959.0
GA,400,40,0.1630525278732745,3.54223027E8
MIMIC,400,40,0.12511414216255104,4.97449378E9
RHC,400,60,0.08378008362574979,3855748.0
SA,400,60,0.09745266143073432,5611117.0
GA,400,60,0.1509490717904165,2.8225486E8
MIMIC,400,60,0.07711352648423382,2.0049371679E10
RHC,400,80,0.06757430644974599,3920338.0
SA,400,80,0.06773533282637961,5371658.0
GA,400,80,0.1268760664571322,3.16905383E8
MIMIC,400,80,0.0577369407624524,6.0433939711E10
RHC,10,10,0.2661978722934438,26387.0
SA,10,10,0.16318866245667718,29144.0
GA,10,10,0.313698369299883,1733314.0
MIMIC,10,10,0.272316219758258,5390169.0
RHC,10,20,0.16878214251555632,32296.0
SA,10,20,0.09056267629277175,37021.0
GA,10,20,0.1989678151597563,3019219.0
MIMIC,10,20,0.1382365566947715,2.0134168E7
RHC,10,40,0.06469032904884901,57502.0
SA,10,40,0.04604681586120891,61046.0
GA,10,40,0.12419438470890169,6003780.0
MIMIC,10,40,0.06640657115726462,1.30853972E8
RHC,10,60,0.04126464186081239,83889.0
SA,10,60,0.033298465909810115,86646.0
GA,10,60,0.07194498465281628,9409756.0
MIMIC,10,60,0.04258753189221326,7.30185142E8
RHC,10,80,0.03466340522409343,129575.0
SA,10,80,0.02495686645610386,131150.0
GA,10,80,0.05285387957848413,1.3953944E7
MIMIC,10,80,0.03050022030947631,1.776771546E9
RHC,30,10,0.3379830999571112,113427.0
SA,30,10,0.19260548522711463,143754.0
GA,30,10,0.3379830999571112,9021031.0
MIMIC,30,10,0.2876772413654727,2.4051748E7
RHC,30,20,0.23343570485875803,150056.0
SA,30,20,0.08192889843483318,175655.0
GA,30,20,0.23699172317347655,1.3209183E7
MIMIC,30,20,0.1643689578370831,8.2750475E7
RHC,30,40,0.09563796509664359,233156.0
SA,30,40,0.04962383133667281,251273.0
GA,30,40,0.1501331690273842,2.4071047E7
MIMIC,30,40,0.07786819493313896,5.1912612E8
RHC,30,60,0.05795675431395737,428504.0
SA,30,60,0.031865772688162514,456074.0
GA,30,60,0.0986464537807151,4.6190983E7
MIMIC,30,60,0.052549062311485435,1.463291831E9
RHC,30,80,0.03837837589272774,312319.0
SA,30,80,0.022544228565421976,326104.0
GA,30,80,0.07239247032455522,3.6344059E7
MIMIC,30,80,0.03745333454292494,5.530435786E9
RHC,60,10,0.3183327168828827,257969.0
SA,60,10,0.1488320537574307,325711.0
GA,60,10,0.3183327168828827,1.9790735E7
MIMIC,60,10,0.26441424030265387,5.538688E7
RHC,60,20,0.22399068150997073,363913.0
SA,60,20,0.09531366509161396,430867.0
GA,60,20,0.23499772441088385,3.2140546E7
MIMIC,60,20,0.18706859014557697,1.71091586E8
RHC,60,40,0.09611253059247646,480885.0
SA,60,40,0.044450886894403206,530116.0
GA,60,40,0.15593635875155706,4.6197678E7
MIMIC,60,40,0.09044588560822125,1.118876343E9
RHC,60,60,0.06485851555738611,667174.0
SA,60,60,0.03225973015035493,699469.0
GA,60,60,0.13089804275109176,6.9215976E7
MIMIC,60,60,0.052326537386530036,4.179868826E9
RHC,60,80,0.043383866602220156,1102373.0
SA,60,80,0.02138143274292525,1157906.0
GA,60,80,0.08925737391692552,1.1400093E8
MIMIC,60,80,0.04559478708276832,8.844300288E9
RHC,100,10,0.3761470193343156,191803.0
SA,100,10,0.37614701933431566,310744.0
GA,100,10,0.3491437192946048,1.3900776E7
MIMIC,100,10,0.37279602242522863,4.4741238E7
RHC,100,20,0.21000854138720615,296172.0
SA,100,20,0.1864464675561252,412750.0
GA,100,20,0.222203755609852,2.603988E7
MIMIC,100,20,0.18813294235682532,1.72243584E8
RHC,100,40,0.1153775172854036,523027.0
SA,100,40,0.08965240180319921,631334.0
GA,100,40,0.1578891193234552,5.0122348E7
MIMIC,100,40,0.09724080627847442,1.13192208E9
RHC,100,60,0.07754091599011215,760910.0
SA,100,60,0.06165977591549277,852676.0
GA,100,60,0.12889139365985391,8.2006107E7
MIMIC,100,60,0.07021395626037794,4.433080734E9
RHC,100,80,0.05385244467492166,1046448.0
SA,100,80,0.03907857052109145,1070866.0
GA,100,80,0.11366240784379433,1.02792482E8
MIMIC,100,80,0.0482804297020277,1.4676094014E10
RHC,200,10,0.3451632725911671,373366.0
SA,200,10,0.3451632725911671,906632.0
GA,200,10,0.34516327259116714,2.6913035E7
MIMIC,200,10,0.3451632725911671,9.3283478E7
RHC,200,20,0.25115523170986825,588011.0
SA,200,20,0.24574648555807768,1116946.0
GA,200,20,0.3081662567422996,4.8972713E7
MIMIC,200,20,0.28165967378984064,3.31640323E8
RHC,200,40,0.14397730163721226,1037783.0
SA,200,40,0.12327571570468372,1553327.0
GA,200,40,0.1668123570062488,9.2484759E7
MIMIC,200,40,0.14043349927686447,2.473727948E9
RHC,200,60,0.09146954827688,1507641.0
SA,200,60,0.08305042276008617,2022003.0
GA,200,60,0.12213455850627356,1.45148986E8
MIMIC,200,60,0.07275897433798438,1.0675071985E10
RHC,200,80,0.06614782920015636,4230294.0
SA,200,80,0.05656011344297119,5326366.0
GA,200,80,0.09897458739638669,3.58760521E8
MIMIC,200,80,0.048695428782559405,2.9927489901E10
RHC,400,10,0.40453108337992577,774300.0
SA,400,10,0.4003145483976583,2174814.0
GA,400,10,0.3988332362638857,5.6807087E7
MIMIC,400,10,0.3283816062242355,1.96126766E8
RHC,400,20,0.19091412725022755,2517460.0
SA,400,20,0.21680075896977677,5534710.0
GA,400,20,0.27706724574351854,2.04999316E8
MIMIC,400,20,0.2202062481368966,1.042621168E9
RHC,400,40,0.1488479861985127,2656881.0
SA,400,40,0.14136000837516036,4476841.0
GA,400,40,0.1774319822281349,2.07908653E8
MIMIC,400,40,0.1356439601178213,5.511340189E9
RHC,400,60,0.09927471624544235,4309851.0
SA,400,60,0.08882147919557233,6230635.0
GA,400,60,0.11747490677769432,3.50801299E8
MIMIC,400,60,0.09107465184795882,2.3628770331E10
RHC,400,80,0.07472239761661131,7275507.0
SA,400,80,0.06746364694808553,9799269.0
GA,400,80,0.10743890252760434,4.86953672E8
MIMIC,400,80,0.05774995376956686,6.3032706895E10
RHC,10,10,0.2995947606908302,25994.0
SA,10,10,0.2041174365833855,29539.0
GA,10,10,0.3265695523342513,1743948.0
MIMIC,10,10,0.28123220435922924,5212938.0
RHC,10,20,0.16899284512438534,32689.0
SA,10,20,0.08449553372434951,37809.0
GA,10,20,0.20950037750133532,2990862.0
MIMIC,10,20,0.13503132545279437,2.0199152E7
RHC,10,40,0.08259015825324144,57501.0
SA,10,40,0.05208852361578874,60259.0
GA,10,40,0.11982764538234979,6015989.0
MIMIC,10,40,0.07843781585352456,1.29836275E8
RHC,10,60,0.051627804180453894,83495.0
SA,10,60,0.0336375257951096,85465.0
GA,10,60,0.07038823433820064,9327442.0
MIMIC,10,60,0.04009501577223377,5.0255586E8
RHC,10,80,0.03229870313242896,108307.0
SA,10,80,0.023558900150786374,111064.0
GA,10,80,0.05627166214578765,1.2915768E7
MIMIC,10,80,0.02791279787498225,2.022408231E9
RHC,30,10,0.36744573471888603,89009.0
SA,30,10,0.21921738363943408,116972.0
GA,30,10,0.373397409744559,6940738.0
MIMIC,30,10,0.3594115765080151,2.0124715E7
RHC,30,20,0.2105893825829782,134301.0
SA,30,20,0.09241030343568576,157144.0
GA,30,20,0.2838857060759974,1.1913431E7
MIMIC,30,20,0.1662292779306529,6.8638598E7
RHC,30,40,0.09592103499614053,212676.0
SA,30,40,0.04218288586280808,226067.0
GA,30,40,0.16077911131683867,2.158982E7
MIMIC,30,40,0.09820359631277807,5.88976187E8
RHC,30,60,0.06202090533969522,302079.0
SA,30,60,0.03558443631279282,322166.0
GA,30,60,0.11844126150054907,3.442997E7
MIMIC,30,60,0.06239668689338102,1.96395487E9
RHC,30,80,0.03985130358615012,532085.0
SA,30,80,0.021700903720912473,541932.0
GA,30,80,0.08271926015105818,5.94939E7
MIMIC,30,80,0.0356235538558388,4.95910742E9
RHC,60,10,0.31004574153327064,251667.0
SA,60,10,0.19686040563758464,332011.0
GA,60,10,0.31921054484827793,1.857257E7
MIMIC,60,10,0.3075794102574656,4.9773007E7
RHC,60,20,0.24613047933604282,339101.0
SA,60,20,0.09618466036887462,400541.0
GA,60,20,0.2805502747794266,2.9842851E7
MIMIC,60,20,0.16846738159358018,2.05043428E8
RHC,60,40,0.10547661020187035,706952.0
SA,60,40,0.048847677150310465,749488.0
GA,60,40,0.14215305424491564,6.6377926E7
MIMIC,60,40,0.0992555186808174,1.054804383E9
RHC,60,60,0.0698645173111031,462768.0
SA,60,60,0.02942645028234993,492307.0
GA,60,60,0.1396937346692673,4.8693477E7
MIMIC,60,60,0.05131992974090508,2.930555594E9
RHC,60,80,0.05000000164794326,615580.0
SA,60,80,0.023969183531035436,638029.0
GA,60,80,0.09704739944333811,6.7476755E7
MIMIC,60,80,0.041102260209177205,8.798070709E9
RHC,100,10,0.39590929179804146,194166.0
SA,100,10,0.39590929179804135,322560.0
GA,100,10,0.39590929179804146,1.5231186E7
MIMIC,100,10,0.3196162976082547,4.4248143E7
RHC,100,20,0.1913684414987335,297353.0
SA,100,20,0.1963411969199032,443470.0
GA,100,20,0.21975248475632866,2.6161579E7
MIMIC,100,20,0.18268895737083427,1.71685505E8
RHC,100,40,0.12168666000826577,524602.0
SA,100,40,0.10631414078010629,627790.0
GA,100,40,0.14949635395095337,4.9405155E7
MIMIC,100,40,0.10082283969042648,1.375111016E9
RHC,100,60,0.08060678114697994,752639.0
SA,100,60,0.06102954757281824,864097.0
GA,100,60,0.1266565517995934,7.8901817E7
MIMIC,100,60,0.06328534136453615,4.01680381E9
RHC,100,80,0.05297585784491876,793598.0
SA,100,80,0.03969623056207385,869610.0
GA,100,80,0.10261024709940969,9.0989721E7
MIMIC,100,80,0.04698471788338883,1.3048978228E10
RHC,200,10,0.4057273189605919,377697.0
SA,200,10,0.4057273189605919,910177.0
GA,200,10,0.40572731896059194,3.0576192E7
MIMIC,200,10,0.38140909992623134,8.758611E7
RHC,200,20,0.24132942113047756,587617.0
SA,200,20,0.26817475575262206,1113795.0
GA,200,20,0.23447401908557117,4.9055026E7
MIMIC,200,20,0.22544117752372073,5.28978952E8
RHC,200,40,0.1354989730286243,1671874.0
SA,200,40,0.12703048581482454,2523368.0
GA,200,40,0.1638226685456015,1.34385977E8
MIMIC,200,40,0.12767105848284205,2.708837537E9
RHC,200,60,0.07526368944968234,2589928.0
SA,200,60,0.07130689152877133,3436302.0
GA,200,60,0.1357735708845718,1.991834E8
MIMIC,200,60,0.07030781629538699,9.495330765E9
RHC,200,80,0.060414560400745304,2315812.0
SA,200,80,0.052222091449665435,2934937.0
GA,200,80,0.11266851768342769,2.01526781E8
MIMIC,200,80,0.053511708194511134,2.9701049244E10
RHC,400,10,0.42262342131776215,737672.0
SA,400,10,0.42262342131776215,2110618.0
GA,400,10,0.4226234213177622,5.3017506E7
MIMIC,400,10,0.3433115598975274,1.73476321E8
RHC,400,20,0.23207158331751884,1167358.0
SA,400,20,0.22939747939377877,2554481.0
GA,400,20,0.27188194750994243,9.4272817E7
MIMIC,400,20,0.19212744758111422,6.67881548E8
RHC,400,40,0.12441877879993402,2047209.0
SA,400,40,0.13485064427355253,3428818.0
GA,400,40,0.15465669845064797,1.80273698E8
MIMIC,400,40,0.1260796075299093,4.464058255E9
RHC,400,60,0.09589932006302532,2972351.0
SA,400,60,0.09279776908401423,4354749.0
GA,400,60,0.12973719530886468,2.66900007E8
MIMIC,400,60,0.08052909197564079,2.0331900261E10
RHC,400,80,0.07849033482062111,3977446.0
SA,400,80,0.06449915365728229,5305492.0
GA,400,80,0.12248886422009275,3.69278558E8
MIMIC,400,80,0.06276812665257187,6.1231882814E10
RHC,10,10,0.28848912717201985,26387.0
SA,10,10,0.1628509069532677,29144.0
GA,10,10,0.34254558895900616,1701806.0
MIMIC,10,10,0.2692228193344626,5277529.0
RHC,10,20,0.13414434656305851,32689.0
SA,10,20,0.08082029534730369,37022.0
GA,10,20,0.19348183058938032,3003071.0
MIMIC,10,20,0.16379231667260644,1.9988838E7
RHC,10,40,0.08403271584386904,59076.0
SA,10,40,0.04997106743304965,61440.0
GA,10,40,0.1176662366601453,6052223.0
MIMIC,10,40,0.07506322182717574,1.30944556E8
RHC,10,60,0.04148455653134306,85070.0
SA,10,60,0.03006417104161901,84282.0
GA,10,60,0.07142095383496072,9452291.0
MIMIC,10,60,0.04356630292472503,4.99847779E8
RHC,10,80,0.03296687984668841,109489.0
SA,10,80,0.027065680130018515,110276.0
GA,10,80,0.058966682980393356,1.3023682E7
MIMIC,10,80,0.0340406836355539,1.658929442E9
RHC,30,10,0.2960086383630697,64985.0
SA,30,10,0.18108547856144142,80738.0
GA,30,10,0.30780020367031413,4825395.0
MIMIC,30,10,0.2965730722827759,1.4130387E7
RHC,30,20,0.21425037133428862,92159.0
SA,30,20,0.0981151657009336,108702.0
GA,30,20,0.3007600211948815,8310533.0
MIMIC,30,20,0.243544644802301,5.2863906E7
RHC,30,40,0.0870205938934022,165022.0
SA,30,40,0.04264590570876556,175261.0
GA,30,40,0.14266962924378912,1.663997E7
MIMIC,30,40,0.0658195496739347,3.59408396E8
RHC,30,60,0.053938140475354515,235520.0
SA,30,60,0.032499235965730545,255999.0
GA,30,60,0.10990450271286908,2.6202538E7
MIMIC,30,60,0.053027279590057146,1.377086544E9
RHC,30,80,0.04009401093249819,306412.0
SA,30,80,0.024319973010190087,321772.0
GA,30,80,0.10310043076016008,3.6378717E7
MIMIC,30,80,0.042048035689608916,4.830087981E9
RHC,60,10,0.2769800832341121,118154.0
SA,60,10,0.17378150592082633,155962.0
GA,60,10,0.27689227009289613,9536967.0
MIMIC,60,10,0.27689227009289613,2.6909884E7
RHC,60,20,0.18971851582757723,182744.0
SA,60,20,0.08967133334446349,218191.0
GA,60,20,0.2303015401515103,1.5521449E7
MIMIC,60,20,0.13495491685238953,1.01944927E8
RHC,60,40,0.11653783398495113,318228.0
SA,60,40,0.04587935224748152,347765.0
GA,60,40,0.17613530274437603,3.1311108E7
MIMIC,60,40,0.0991801229031326,6.88063765E8
RHC,60,60,0.06585684496673298,464344.0
SA,60,60,0.03116695183413287,484824.0
GA,60,60,0.12867833439608803,4.9650915E7
MIMIC,60,60,0.06185301375943154,2.681898509E9
RHC,60,80,0.042572732545934334,612824.0
SA,60,80,0.024059334438860644,635667.0
GA,60,80,0.10077628995674326,6.5923034E7
MIMIC,60,80,0.03852437841350562,8.678937185E9
RHC,100,10,0.34123108605829144,273723.0
SA,100,10,0.34123108605829144,454104.0
GA,100,10,0.35692540418567714,2.230465E7
MIMIC,100,10,0.2690121514049491,6.333862E7
RHC,100,20,0.18314819204019864,386362.0
SA,100,20,0.20320159855387313,548626.0
GA,100,20,0.2402944103630187,3.260174E7
MIMIC,100,20,0.1864958544444577,1.97727748E8
RHC,100,40,0.13256184221792888,562411.0
SA,100,40,0.09663404933984612,685291.0
GA,100,40,0.1895221921798889,5.0892709E7
MIMIC,100,40,0.10576205717954949,1.597416689E9
RHC,100,60,0.07906666271471949,824713.0
SA,100,60,0.060983512444646566,925930.0
GA,100,60,0.12862408032195538,7.6868393E7
MIMIC,100,60,0.05914185321166672,4.887313332E9
RHC,100,80,0.054444555269937196,1182324.0
SA,100,80,0.041677624728520414,1288662.0
GA,100,80,0.10557546183215516,1.11663458E8
MIMIC,100,80,0.048606404787761424,1.6427316806E10
RHC,200,10,0.335047177884164,809352.0
SA,200,10,0.33504717788416405,1974741.0
GA,200,10,0.3313394271347195,6.1000359E7
MIMIC,200,10,0.3313394271347194,1.50973567E8
RHC,200,20,0.21180477617839816,949562.0
SA,200,20,0.21988405226002178,1840046.0
GA,200,20,0.24786454194609403,7.3241864E7
MIMIC,200,20,0.22857837870116657,3.80424778E8
RHC,200,40,0.12442620819550426,1040146.0
SA,200,40,0.11372293590129345,1553327.0
GA,200,40,0.15199489679417827,9.266002E7
MIMIC,200,40,0.09717127886426954,3.012994931E9
RHC,200,60,0.08174373462043633,1511579.0
SA,200,60,0.08441602832098934,2049177.0
GA,200,60,0.1317913277411723,1.42344806E8
MIMIC,200,60,0.07283543354434405,9.730128036E9
RHC,200,80,0.05933508035140812,2001522.0
SA,200,80,0.057675532375736346,2485558.0
GA,200,80,0.10556737951514726,1.82697424E8
MIMIC,200,80,0.05843429597709587,2.8730911394E10
RHC,400,10,0.413885277435695,1585622.0
SA,400,10,0.413885277435695,4598146.0
GA,400,10,0.41388527743569503,1.07119268E8
MIMIC,400,10,0.3480170795000048,2.65358102E8
RHC,400,20,0.2275841062582076,1519456.0
SA,400,20,0.24018066041633235,3307514.0
GA,400,20,0.24729867765536756,1.17292297E8
MIMIC,400,20,0.17517017373574384,7.88191095E8
RHC,400,40,0.11307198712156533,3866774.0
SA,400,40,0.11898930561922591,6383054.0
GA,400,40,0.1597237155266186,2.80237189E8
MIMIC,400,40,0.10819939007182192,5.008258939E9
RHC,400,60,0.09025566453252075,6433071.0
SA,400,60,0.08794813472241371,9432992.0
GA,400,60,0.14274863084922876,4.0643827E8
MIMIC,400,60,0.07331347135148633,2.2053659868E10
RHC,400,80,0.07313719954353971,3999107.0
SA,400,80,0.06510358987428719,5268077.0
GA,400,80,0.09614437442555239,3.79923019E8
MIMIC,400,80,0.061095508734910535,6.2054453466E10
RHC,10,10,0.3473248257449599,39384.0
SA,10,10,0.18439618656708848,45686.0
GA,10,10,0.3388786069996914,2606469.0
MIMIC,10,10,0.33162313407578053,7900146.0
RHC,10,20,0.17796194607017585,48837.0
SA,10,20,0.11171420822221884,56714.0
GA,10,20,0.21528983433001797,4624533.0
MIMIC,10,20,0.15901949904879117,3.0838887E7
RHC,10,40,0.0801040924416892,89009.0
SA,10,40,0.05167381066102804,92947.0
GA,10,40,0.10586538571584654,9283725.0
MIMIC,10,40,0.07396321512364167,1.68619024E8
RHC,10,60,0.05104287293269036,102794.0
SA,10,60,0.0351011341862341,106338.0
GA,10,60,0.07543505630138342,1.1640103E7
MIMIC,10,60,0.04241141981380505,6.3578275E8
RHC,10,80,0.03376105759575907,198498.0
SA,10,80,0.02248141913920205,204406.0
GA,10,80,0.05417330669740567,2.38052E7
MIMIC,10,80,0.02948686362690619,1.964243165E9
RHC,30,10,0.27621281644589163,64197.0
SA,30,10,0.16292347582753816,81133.0
GA,30,10,0.2694090111767128,4832484.0
MIMIC,30,10,0.26450406427858614,1.3992935E7
RHC,30,20,0.19241432102615139,93735.0
SA,30,20,0.1028855798017582,109883.0
GA,30,20,0.2526900089485632,8309746.0
MIMIC,30,20,0.18165270743451037,5.3159291E7
RHC,30,40,0.08285132346581486,164628.0
SA,30,40,0.04564001016000744,175655.0
GA,30,40,0.13682664484172619,1.6704955E7
MIMIC,30,40,0.07299311137622914,3.58767216E8
RHC,30,60,0.05724620031318555,237489.0
SA,30,60,0.031093510589112975,248516.0
GA,30,60,0.09267983579628579,2.6593627E7
MIMIC,30,60,0.04667717521575864,2.115013113E9
RHC,30,80,0.03560570523353502,660479.0
SA,30,80,0.022644476434140456,697894.0
GA,30,80,0.07830547589040134,7.8039689E7
MIMIC,30,80,0.035511520287468075,5.363558346E9
RHC,60,10,0.518838164361266,118941.0
SA,60,10,0.2996337908877069,154782.0
GA,60,10,0.5152295329456501,9222285.0
MIMIC,60,10,0.518838164361266,2.7497502E7
RHC,60,20,0.1896844684224637,181563.0
SA,60,20,0.09405075024809431,217009.0
GA,60,20,0.22955871477388592,1.4862546E7
MIMIC,60,20,0.16626898568920087,1.01998883E8
RHC,60,40,0.11214081764721795,316652.0
SA,60,40,0.05639661906620347,348553.0
GA,60,40,0.14402232925810074,3.1788449E7
MIMIC,60,40,0.1109639938562461,6.93347989E8
RHC,60,60,0.06161325997704646,455285.0
SA,60,60,0.032781781985274684,493094.0
GA,60,60,0.10602212994010639,5.001916E7
MIMIC,60,60,0.0633739521449335,2.947380672E9
RHC,60,80,0.0426093370033502,605340.0
SA,60,80,0.023861221750857444,647876.0
GA,60,80,0.10413806557615259,7.1468772E7
MIMIC,60,80,0.044430957997903454,9.621861495E9
RHC,100,10,0.3499241362907852,191803.0
SA,100,10,0.3499241362907852,313895.0
GA,100,10,0.3499241362907852,1.5254816E7
MIMIC,100,10,0.3487392370850382,4.4224119E7
RHC,100,20,0.26194937927086054,297354.0
SA,100,20,0.2360571367705065,428503.0
GA,100,20,0.2597476774514004,2.557081E7
MIMIC,100,20,0.2114423588464926,1.67563125E8
RHC,100,40,0.10655264166704151,520664.0
SA,100,40,0.08304199237725764,641180.0
GA,100,40,0.1506857536312619,4.7672235E7
MIMIC,100,40,0.08894350717796479,1.165556876E9
RHC,100,60,0.0672133904248871,756183.0
SA,100,60,0.05213652223848409,858977.0
GA,100,60,0.13769551427056434,7.1159997E7
MIMIC,100,60,0.05674703141352644,5.560707142E9
RHC,100,80,0.05593366347357015,1003912.0
SA,100,80,0.04235194576435299,1078349.0
GA,100,80,0.10271572644447002,1.05402496E8
MIMIC,100,80,0.047783753374003674,1.57480098E10
RHC,200,10,0.3148386224734681,378091.0
SA,200,10,0.31483862247346805,916478.0
GA,200,10,0.308977405499782,3.0072858E7
MIMIC,200,10,0.30900004632335637,8.8506133E7
RHC,200,20,0.19135139732565626,587224.0
SA,200,20,0.22262173703609223,1127580.0
GA,200,20,0.2376048581762042,5.1396438E7
MIMIC,200,20,0.2149414609702215,5.72066433E8
RHC,200,40,0.1272695149667401,1324109.0
SA,200,40,0.11720868072867424,1920390.0
GA,200,40,0.1567153698588732,1.08146811E8
MIMIC,200,40,0.11453446828496845,2.509553707E9
RHC,200,60,0.08644035309190151,1498188.0
SA,200,60,0.08287571748385401,2015307.0
GA,200,60,0.12152803278073505,1.39794657E8
MIMIC,200,60,0.06633546307610425,1.1278551531E10
RHC,200,80,0.06370021539173681,3585569.0
SA,200,80,0.052560574978811246,4589874.0
GA,200,80,0.11106886637418757,2.79638938E8
MIMIC,200,80,0.05376309865257616,3.1250240344E10
RHC,400,10,0.2907686469919325,634485.0
SA,400,10,0.2907686469919325,1707714.0
GA,400,10,0.28731183320451387,4.8348469E7
MIMIC,400,10,0.2907686469919325,1.52851028E8
RHC,400,20,0.24654642844701674,979100.0
SA,400,20,0.2401330590320956,2137006.0
GA,400,20,0.2768599215028472,7.8165326E7
MIMIC,400,20,0.2226306304198953,5.48992208E8
RHC,400,40,0.12582234051809846,1680145.0
SA,400,40,0.13716987685433543,2867983.0
GA,400,40,0.16550513769253208,1.45216728E8
MIMIC,400,40,0.1267673875803542,4.9443264E9
RHC,400,60,0.09915344885756258,2975109.0
SA,400,60,0.09598068896911861,4349629.0
GA,400,60,0.15388991836145324,2.68326516E8
MIMIC,400,60,0.08155640578302113,2.209926796E10
RHC,400,80,0.07643285821770071,4684004.0
SA,400,80,0.06144768570701641,6005749.0
GA,400,80,0.10817311688909666,3.78748572E8
MIMIC,400,80,0.056017017556556234,5.880201901E10
RHC,10,10,0.31688446185126345,46079.0
SA,10,10,0.1835933212960209,56714.0
GA,10,10,0.3186797432486677,3123983.0
MIMIC,10,10,0.29055521379506605,9877644.0
RHC,10,20,0.18667830642091054,60652.0
SA,10,20,0.10818262043791378,68530.0
GA,10,20,0.21382764824409525,5577246.0
MIMIC,10,20,0.1784762787843935,3.7218002E7
RHC,10,40,0.08267449791932653,104763.0
SA,10,40,0.05107107041985449,111852.0
GA,10,40,0.111583429805671,1.1154491E7
MIMIC,10,40,0.07246068080053301,1.95622644E8
RHC,10,60,0.04808503466581562,107913.0
SA,10,60,0.03324477211645571,111064.0
GA,10,60,0.0775056511773786,1.2122563E7
MIMIC,10,60,0.04596278406510853,5.34917747E8
RHC,10,80,0.03050151895014175,111458.0
SA,10,80,0.022304402811350404,113428.0
GA,10,80,0.05170039662472477,1.2811793E7
MIMIC,10,80,0.031353093940856884,1.8683544E9
RHC,30,10,0.4434664432869054,64197.0
SA,30,10,0.22585283700851425,79163.0
GA,30,10,0.4434664432869054,4765530.0
MIMIC,30,10,0.4245365396739335,1.4219003E7
RHC,30,20,0.1729983779692328,94523.0
SA,30,20,0.07345271432760968,109883.0
GA,30,20,0.2870289641400624,8072650.0
MIMIC,30,20,0.1748627664575837,5.8432881E7
RHC,30,40,0.10026317283087506,161082.0
SA,30,40,0.05286171117716928,178018.0
GA,30,40,0.14783067757836307,1.6719133E7
MIMIC,30,40,0.09200366341870204,3.56569953E8
RHC,30,60,0.057739757144920634,235520.0
SA,30,60,0.03276456121524608,246941.0
GA,30,60,0.108053837209987,2.6497922E7
MIMIC,30,60,0.05348489618403178,1.385069004E9
RHC,30,80,0.0389326331043892,312319.0
SA,30,80,0.022101269148937383,317046.0
GA,30,80,0.0903350813033596,3.5892318E7
MIMIC,30,80,0.03931234905817745,3.886416546E9
RHC,60,10,0.33469864408809014,118154.0
SA,60,10,0.18962764551273678,151237.0
GA,60,10,0.33469864408809014,9289238.0
MIMIC,60,10,0.3035959038023246,2.7094599E7
RHC,60,20,0.21323303405389765,180775.0
SA,60,20,0.10904420741489425,217403.0
GA,60,20,0.24033628667873852,1.5720341E7
MIMIC,60,20,0.17417522708076574,1.02409271E8
RHC,60,40,0.11148463452004527,314682.0
SA,60,40,0.04823507226220362,347372.0
GA,60,40,0.15437286695887995,3.2013334E7
MIMIC,60,40,0.09076973701986274,8.93065839E8
RHC,60,60,0.0634514000136638,592344.0
SA,60,60,0.03387161757675869,632515.0
GA,60,60,0.12461438332098865,6.4009732E7
MIMIC,60,60,0.06410012997193226,2.939120157E9
RHC,60,80,0.049359244342201875,628577.0
SA,60,80,0.02428773925338219,632909.0
GA,60,80,0.10914605573622786,6.6839906E7
MIMIC,60,80,0.040824660601651915,9.706210588E9
RHC,100,10,0.3381700699530538,414719.0
SA,100,10,0.30661823932137017,681747.0
GA,100,10,0.35307182144679067,3.320708E7
MIMIC,100,10,0.32717808604683485,9.6472838E7
RHC,100,20,0.20487481113196218,648663.0
SA,100,20,0.1959956708523726,908995.0
GA,100,20,0.2180978534584289,5.5660603E7
MIMIC,100,20,0.19920420647242673,2.7543385E8
RHC,100,40,0.13797572429365854,850312.0
SA,100,40,0.09338207400508985,812897.0
GA,100,40,0.16533054149941018,6.4355529E7
MIMIC,100,40,0.10883541013585646,1.669920487E9
RHC,100,60,0.07086158773761388,766029.0
SA,100,60,0.06044608972162173,853857.0
GA,100,60,0.11506926542321298,7.9753311E7
MIMIC,100,60,0.06874104089176836,4.68940599E9
RHC,100,80,0.05422951518803691,1012182.0
SA,100,80,0.039470043721676236,1095678.0
GA,100,80,0.10714583041684167,1.01794478E8
MIMIC,100,80,0.046008595503159035,1.5007124664E10
RHC,200,10,0.2847867096023511,577771.0
SA,200,10,0.2871596752441061,1393819.0
GA,200,10,0.29073984440865497,4.5903869E7
MIMIC,200,10,0.25374064711126665,1.22245691E8
RHC,200,20,0.19584336354697512,859371.0
SA,200,20,0.18563149410790009,1396576.0
GA,200,20,0.20519122782180138,6.187706E7
MIMIC,200,20,0.19145617291849756,5.50680624E8
RHC,200,40,0.1115929717715241,1586016.0
SA,200,40,0.11006148395502463,2355196.0
GA,200,40,0.19381005926174225,1.26757584E8
MIMIC,200,40,0.11766105279757492,3.124502819E9
RHC,200,60,0.08654914562031434,1514336.0
SA,200,60,0.07083219357768133,2023972.0
GA,200,60,0.1247938769398262,1.39822226E8
MIMIC,200,60,0.0659805184120133,1.2263530659E10
RHC,200,80,0.062382795229160036,1947566.0
SA,200,80,0.05618830250222475,2492254.0
GA,200,80,0.12458819873991561,1.98897469E8
MIMIC,200,80,0.0488063665489324,2.8835963761E10
RHC,400,10,0.4591601007186594,737279.0
SA,400,10,0.5192334445080523,2100771.0
GA,400,10,0.5192334445080523,6.1934954E7
MIMIC,400,10,0.5192334445080523,1.6571402E8
RHC,400,20,0.23078615267272912,978312.0
SA,400,20,0.26925862571151565,2159454.0
GA,400,20,0.3115229294083748,7.523039E7
MIMIC,400,20,0.28482159549285246,5.53491105E8
RHC,400,40,0.1231497599865212,1637609.0
SA,400,40,0.12985203907279255,2773460.0
GA,400,40,0.17516540674232958,1.48641214E8
MIMIC,400,40,0.12140467719033698,7.124535509E9
RHC,400,60,0.09123341055799798,6514991.0
SA,400,60,0.08062310370726276,9526727.0
GA,400,60,0.14766330617379655,4.4352197E8
MIMIC,400,60,0.09280212298146572,2.242152649E10
RHC,400,80,0.07500421933682301,8612612.0
SA,400,80,0.06916702520553161,1.1326602E7
GA,400,80,0.10499356177903867,5.54990474E8
MIMIC,400,80,0.06489298263154318,6.374388742E10
RHC,10,10,0.3261256811657002,31508.0
SA,10,10,0.2233322659176679,36234.0
GA,10,10,0.3175939774936429,2047996.0
MIMIC,10,10,0.32605479990320685,6408653.0
RHC,10,20,0.14687561796916396,38597.0
SA,10,20,0.0951264782428741,44505.0
GA,10,20,0.20085706245960197,3532400.0
MIMIC,10,20,0.15726999141714865,2.3146692E7
RHC,10,40,0.0740080686522405,64591.0
SA,10,40,0.04676391614007186,66166.0
GA,10,40,0.1081376702615804,6485059.0
MIMIC,10,40,0.06803467799664466,1.40304686E8
RHC,10,60,0.047869182948465684,84677.0
SA,10,60,0.028268736547061406,85464.0
GA,10,60,0.07133097794864117,9387307.0
MIMIC,10,60,0.04307388043959793,4.93227237E8
RHC,10,80,0.035073316041240504,107913.0
SA,10,80,0.02356339349490642,113821.0
GA,10,80,0.055355566488120754,1.2839756E7
MIMIC,10,80,0.030560812592084475,1.640384046E9
RHC,30,10,0.33243312968624794,63410.0
SA,30,10,0.18660040204480266,79951.0
GA,30,10,0.332433129686248,4771831.0
MIMIC,30,10,0.32097080714272946,1.4063433E7
RHC,30,20,0.19044012446945915,92948.0
SA,30,20,0.10496307197888914,110671.0
GA,30,20,0.25094285947214795,8332982.0
MIMIC,30,20,0.16248613254548133,5.3255783E7
RHC,30,40,0.10121393592036994,163052.0
SA,30,40,0.04702662544007114,176837.0
GA,30,40,0.1664954122055006,2.0884837E7
MIMIC,30,40,0.08122402301185279,3.51272338E8
RHC,30,60,0.057570524713281286,236307.0
SA,30,60,0.03407326553355867,248517.0
GA,30,60,0.11264299811604399,2.6144643E7
MIMIC,30,60,0.04778786058251066,1.909746769E9
RHC,30,80,0.043193560142120946,655753.0
SA,30,80,0.022981972308541466,675445.0
GA,30,80,0.07352718076388853,7.862455E7
MIMIC,30,80,0.03957557791648792,4.950863841E9
RHC,60,10,0.3303781669965356,120517.0
SA,60,10,0.16467713017131427,153993.0
GA,60,10,0.3303781669965356,8855221.0
MIMIC,60,10,0.31099362624400556,3.0764056E7
RHC,60,20,0.2060429805402702,181169.0
SA,60,20,0.10103644010960455,217008.0
GA,60,20,0.21755098150413618,1.6428082E7
MIMIC,60,20,0.18566393626745145,1.03300149E8
RHC,60,40,0.11104827790593567,316258.0
SA,60,40,0.05401030087316262,346977.0
GA,60,40,0.14450189136826522,3.1354431E7
MIMIC,60,40,0.10179293807557648,6.93251103E8
RHC,60,60,0.06875919021080489,457648.0
SA,60,60,0.029113497944555988,491913.0
GA,60,60,0.12468344778999314,4.8624554E7
MIMIC,60,60,0.058241173786766014,3.357138272E9
RHC,60,80,0.04197728749217798,903481.0
SA,60,80,0.02184362195921916,959801.0
GA,60,80,0.11741310650252236,9.4648546E7
MIMIC,60,80,0.039231838692365795,9.359877466E9
RHC,100,10,0.3499381765769431,235913.0
SA,100,10,0.34993817657694315,398572.0
GA,100,10,0.3499381765769432,1.6838862E7
MIMIC,100,10,0.3246600759456845,4.9561906E7
RHC,100,20,0.19704565659058793,335556.0
SA,100,20,0.21639108610014524,471433.0
GA,100,20,0.25339017757470605,2.9114632E7
MIMIC,100,20,0.19861513533429825,1.70884817E8
RHC,100,40,0.12028362307052402,523027.0
SA,100,40,0.10958265674343821,629759.0
GA,100,40,0.19457886212017939,4.721695E7
MIMIC,100,40,0.10081866114402843,1.394492544E9
RHC,100,60,0.07513700487003053,793992.0
SA,100,60,0.05553194233605755,853464.0
GA,100,60,0.1381960820436438,7.5194156E7
MIMIC,100,60,0.06863953212249253,5.621231736E9
RHC,100,80,0.050767481922527745,1013364.0
SA,100,80,0.04360450481783032,1081893.0
GA,100,80,0.10500398775221766,1.05507259E8
MIMIC,100,80,0.044813679314876814,1.4818637319E10
RHC,200,10,0.3394956770342571,375729.0
SA,200,10,0.33949567703425715,904269.0
GA,200,10,0.32693663895799036,2.6824421E7
MIMIC,200,10,0.29680362677623107,9.2842765E7
RHC,200,20,0.23695819521756795,701045.0
SA,200,20,0.2338905514642915,1274090.0
GA,200,20,0.2752029403819625,5.7605411E7
MIMIC,200,20,0.18473302973370168,3.43206776E8
RHC,200,40,0.12995135020309445,1027937.0
SA,200,40,0.12199602834420896,1554115.0
GA,200,40,0.16110643674269412,9.4244067E7
MIMIC,200,40,0.10185337526391089,2.080297605E9
RHC,200,60,0.08442720946252669,1353253.0
SA,200,60,0.0839943763444271,1666754.0
GA,200,60,0.12806981024048333,1.19212294E8
MIMIC,200,60,0.08141484480600707,1.1595201702E10
RHC,200,80,0.06451351090633393,3273250.0
SA,200,80,0.055126512856248276,4023131.0
GA,200,80,0.10616818084150915,2.559385E8
MIMIC,200,80,0.048905151850593444,3.1207795225E10
RHC,400,10,0.3243488356477225,738460.0
SA,400,10,0.32434883564772243,2102347.0
GA,400,10,0.3153896891332183,5.9467513E7
MIMIC,400,10,0.3086385245877319,1.75672403E8
RHC,400,20,0.2669038429466009,1167358.0
SA,400,20,0.2572833011398634,2543848.0
GA,400,20,0.2847582551345405,9.4992767E7
MIMIC,400,20,0.1809526858140072,6.6761334E8
RHC,400,40,0.10877404329222982,2053510.0
SA,400,40,0.15150946160151296,3446541.0
GA,400,40,0.1714017005454803,1.6732918E8
MIMIC,400,40,0.12056254491688244,5.206001259E9
RHC,400,60,0.09204469575740261,2977078.0
SA,400,60,0.08336754548195656,4339389.0
GA,400,60,0.14593298685040593,2.60149102E8
MIMIC,400,60,0.07713837199102505,2.3790772358E10
RHC,400,80,0.07377355167248152,3936091.0
SA,400,80,0.07547854752366656,5317702.0
GA,400,80,0.12390611189603337,3.8349953E8
MIMIC,400,80,0.0626987099077946,6.049269397E10
RHC,10,10,0.32359960649083,25994.0
SA,10,10,0.1628328198458136,29932.0
GA,10,10,0.3120141423747312,1684871.0
MIMIC,10,10,0.2600477413722956,5225148.0
RHC,10,20,0.14604816087017,32295.0
SA,10,20,0.09560705385804506,37415.0
GA,10,20,0.21874401123860918,3010949.0
MIMIC,10,20,0.15051332979622195,2.0409466E7
RHC,10,40,0.0672195820425375,57501.0
SA,10,40,0.04618741843936498,61046.0
GA,10,40,0.1098240351655991,5973061.0
MIMIC,10,40,0.06404469931648671,2.07664075E8
RHC,10,60,0.05016391042919673,178805.0
SA,10,60,0.03425877783830168,185895.0
GA,10,60,0.07437612037744643,2.0345662E7
MIMIC,10,60,0.0436025037529714,8.17219474E8
RHC,10,80,0.03309109655465357,170535.0
SA,10,80,0.023727794285920218,175655.0
GA,10,80,0.0549397924910194,1.9683609E7
MIMIC,10,80,0.03490704911048446,1.939377732E9
RHC,30,10,0.2854739400176074,63803.0
SA,30,10,0.17778169538076907,79951.0
GA,30,10,0.2854739400176074,4748988.0
MIMIC,30,10,0.278260224231111,1.3710941E7
RHC,30,20,0.1787078780505972,91766.0
SA,30,20,0.07333088632425168,111065.0
GA,30,20,0.23013993990919096,8258546.0
MIMIC,30,20,0.13487299899863833,5.7922457E7
RHC,30,40,0.10299897474903727,164627.0
SA,30,40,0.052715487302546195,174868.0
GA,30,40,0.15500555827600937,1.6887306E7
MIMIC,30,40,0.08605174738216323,3.56490002E8
RHC,30,60,0.05642009564367239,236701.0
SA,30,60,0.030113025598471906,247729.0
GA,30,60,0.10624225212188777,2.6364803E7
MIMIC,30,60,0.049839032812801935,1.640484477E9
RHC,30,80,0.03957951430781981,313107.0
SA,30,80,0.026609847058265787,321772.0
GA,30,80,0.0771323837863512,3.620897E7
MIMIC,30,80,0.042002233298400374,5.944950251E9
RHC,60,10,0.3403822097204446,117759.0
SA,60,10,0.18645299228074919,153600.0
GA,60,10,0.3403822097204446,9110433.0
MIMIC,60,10,0.3007908763813946,2.674762E7
RHC,60,20,0.2071090735168216,181169.0
SA,60,20,0.08420207441707338,216221.0
GA,60,20,0.2406390271527816,1.6088193E7
MIMIC,60,20,0.21808401717878595,1.70644572E8
RHC,60,40,0.09796296731656569,679383.0
SA,60,40,0.04562471750305061,749881.0
GA,60,40,0.15840132316838756,6.5655219E7
MIMIC,60,40,0.0699700986793508,8.30878035E8
RHC,60,60,0.058516880688305066,458042.0
SA,60,60,0.03079372077985422,486005.0
GA,60,60,0.11666052155550838,4.7798266E7
MIMIC,60,60,0.05300154466032913,3.368683852E9
RHC,60,80,0.04512515243544151,590374.0
SA,60,80,0.023283274122332834,635667.0
GA,60,80,0.08927576552899505,6.7679191E7
MIMIC,60,80,0.03746929824997621,7.852201615E9
RHC,100,10,0.29223388694615027,412751.0
SA,100,10,0.32066603971898017,692380.0
GA,100,10,0.31851442383672707,3.2373309E7
MIMIC,100,10,0.28955054550346554,9.4919118E7
RHC,100,20,0.20111145555726553,647876.0
SA,100,20,0.17975027109857397,903481.0
GA,100,20,0.2412796987058946,4.77577E7
MIMIC,100,20,0.1836354805337558,2.57200775E8
RHC,100,40,0.11806321390895623,722706.0
SA,100,40,0.09212032642968557,816442.0
GA,100,40,0.1673411536935231,6.2458769E7
MIMIC,100,40,0.1045729551243124,1.900136546E9
RHC,100,60,0.07544662284880677,1215800.0
SA,100,60,0.05237917289659936,1391850.0
GA,100,60,0.12676299391904713,1.1055557E8
MIMIC,100,60,0.06594571182646979,6.775239488E9
RHC,100,80,0.05392009360284393,1007063.0
SA,100,80,0.042771414976861676,1093708.0
GA,100,80,0.11079578250581476,1.06088969E8
MIMIC,100,80,0.04719339922395524,1.5015269389E10
RHC,200,10,0.4219694404395201,487580.0
SA,200,10,0.4219694404395201,1181536.0
GA,200,10,0.4219694404395202,3.8689802E7
MIMIC,200,10,0.4219694404395202,1.06512353E8
RHC,200,20,0.27003230376829884,691593.0
SA,200,20,0.2703498011039005,1331985.0
GA,200,20,0.2811719198955539,5.2976152E7
MIMIC,200,20,0.20469704922069834,5.33016656E8
RHC,200,40,0.14518585374257995,1596255.0
SA,200,40,0.12267746233737632,2383947.0
GA,200,40,0.16430997555016952,1.36568275E8
MIMIC,200,40,0.15701468253339798,2.985235128E9
RHC,200,60,0.07795681364682719,1498188.0
SA,200,60,0.07474658757485897,2003886.0
GA,200,60,0.13889352553170234,1.43049396E8
MIMIC,200,60,0.07204030968858899,1.057413806E10
RHC,200,80,0.059499881084500696,1978680.0
SA,200,80,0.04952956669531681,2485165.0
GA,200,80,0.12238226491029973,1.96251615E8
MIMIC,200,80,0.051131500508363,3.1753905667E10
RHC,400,10,0.3424590606699846,733734.0
SA,400,10,0.34060177583788886,2085805.0
GA,400,10,0.3424590606699846,5.9928313E7
MIMIC,400,10,0.32035964109001797,1.79793995E8
RHC,400,20,0.2534633190942749,1175628.0
SA,400,20,0.2545611955139208,2552512.0
GA,400,20,0.3124496058436971,9.4229495E7
MIMIC,400,20,0.21117008467188497,6.66555865E8
RHC,400,40,0.12836564349032797,2057448.0
SA,400,40,0.15852572990738495,3430788.0
GA,400,40,0.16547521506366267,1.76369115E8
MIMIC,400,40,0.1205801331629574,6.391444574E9
RHC,400,60,0.09314070018568255,5503991.0
SA,400,60,0.08234030130762561,7866669.0
GA,400,60,0.11789135945540524,3.71462825E8
MIMIC,400,60,0.07939729700689253,2.2922925232E10
RHC,400,80,0.07070576033558797,8496822.0
SA,400,80,0.06508624726402591,1.1394342E7
GA,400,80,0.11378571928055793,5.72576068E8
MIMIC,400,80,0.05689001011433576,6.5041461686E10
RHC,10,10,0.336087808149533,53957.0
SA,10,10,0.1705820860083236,63409.0
GA,10,10,0.3451064372278976,3735625.0
MIMIC,10,10,0.25331541920582973,1.1521949E7
RHC,10,20,0.17367056617164384,69316.0
SA,10,20,0.10216169380684119,81920.0
GA,10,20,0.21593262357786167,6560284.0
MIMIC,10,20,0.16351229058979636,4.1671606E7
RHC,10,40,0.0738443451878448,106338.0
SA,10,40,0.04683791192034275,112640.0
GA,10,40,0.11025350639009583,1.1144251E7
MIMIC,10,40,0.07365121444256707,2.09211887E8
RHC,10,60,0.04302708472079884,118547.0
SA,10,60,0.02999361853686309,185895.0
GA,10,60,0.07421880714112015,1.3487238E7
MIMIC,10,60,0.041330224131611686,6.64353087E8
RHC,10,80,0.03373038580928937,113428.0
SA,10,80,0.023083720171165053,117760.0
GA,10,80,0.05197211647665857,1.3307644E7
MIMIC,10,80,0.03222675377875388,1.41374174E9
RHC,30,10,0.2779262425719864,64197.0
SA,30,10,0.17765541843679453,79163.0
GA,30,10,0.2779262425719864,4875019.0
MIMIC,30,10,0.2779262425719864,1.4049649E7
RHC,30,20,0.2053689882458253,92159.0
SA,30,20,0.09321533736674624,110277.0
GA,30,20,0.2797936825142064,8315653.0
MIMIC,30,20,0.15533977221139778,5.2750479E7
RHC,30,40,0.08478372962045946,162658.0
SA,30,40,0.046797256173139894,178412.0
GA,30,40,0.155087250144175,1.6706924E7
MIMIC,30,40,0.08291904086791753,3.55437253E8
RHC,30,60,0.05384696117825018,236307.0
SA,30,60,0.03382482505912047,248123.0
GA,30,60,0.09631351604920427,2.608596E7
MIMIC,30,60,0.05209066895675244,1.385208032E9
RHC,30,80,0.03986396695973501,300504.0
SA,30,80,0.023720045389352396,320196.0
GA,30,80,0.07402574529962679,3.6529166E7
MIMIC,30,80,0.03364015501684768,4.360682881E9
RHC,60,10,0.34155617180197995,117366.0
SA,60,10,0.21069327407203428,155963.0
GA,60,10,0.34155617180197995,8590163.0
MIMIC,60,10,0.31277528962228296,2.733445E7
RHC,60,20,0.1763158920126549,181957.0
SA,60,20,0.08841526051834407,217403.0
GA,60,20,0.24167742817037763,1.5341462E7
MIMIC,60,20,0.16712544156646844,1.06559614E8
RHC,60,40,0.10069305218647694,316651.0
SA,60,40,0.04750243434749397,348159.0
GA,60,40,0.1628210232217273,3.1194529E7
MIMIC,60,40,0.08214930031263509,6.90246851E8
RHC,60,60,0.06377753917036186,461981.0
SA,60,60,0.030888292595425054,495851.0
GA,60,60,0.13355817680366516,4.7605676E7
MIMIC,60,60,0.05208005075103924,2.686881047E9
RHC,60,80,0.04696752874917231,594313.0
SA,60,80,0.026518695084428515,627790.0
GA,60,80,0.10713563827515594,6.6500805E7
MIMIC,60,80,0.040432921156820886,1.0568749859E10
RHC,100,10,0.3032599364507634,207163.0
SA,100,10,0.3012224871193707,345009.0
GA,100,10,0.30325993645076343,1.6652968E7
MIMIC,100,10,0.2910405709088712,4.7882549E7
RHC,100,20,0.2593253865371753,319802.0
SA,100,20,0.2334168222548702,452529.0
GA,100,20,0.2673335910100784,2.5360496E7
MIMIC,100,20,0.19933523531079875,1.68012502E8
RHC,100,40,0.10326152450610157,521845.0
SA,100,40,0.0855406390737231,623851.0
GA,100,40,0.13806484716728873,5.1138075E7
MIMIC,100,40,0.087468259723951,1.141433447E9
RHC,100,60,0.07683157294855104,762878.0
SA,100,60,0.058141913687815856,864491.0
GA,100,60,0.1596061743598865,7.8023541E7
MIMIC,100,60,0.07577852380276065,5.926602173E9
RHC,100,80,0.05264438990070684,1175629.0
SA,100,80,0.039769336423479414,1296145.0
GA,100,80,0.1281330252888882,1.18456897E8
MIMIC,100,80,0.04780550280758983,1.4838890821E10
RHC,200,10,0.3361810612191879,372184.0
SA,200,10,0.3361810612191879,906632.0
GA,200,10,0.3361810612191879,2.6931546E7
MIMIC,200,10,0.3361810612191879,8.8438785E7
RHC,200,20,0.23931804444678725,589980.0
SA,200,20,0.17602217240183882,1127579.0
GA,200,20,0.22884429497630657,4.8456382E7
MIMIC,200,20,0.1789865827466892,3.34487432E8
RHC,200,40,0.12765450797325406,1038177.0
SA,200,40,0.11905074838709592,1558841.0
GA,200,40,0.16498416051006512,9.1461942E7
MIMIC,200,40,0.09819338464763107,2.699374219E9
RHC,200,60,0.09239586762495484,1936538.0
SA,200,60,0.0809958436119961,2585596.0
GA,200,60,0.12462544352251892,1.62024476E8
MIMIC,200,60,0.0738230511305463,1.0195026363E10
RHC,200,80,0.06198385669059883,1992858.0
SA,200,80,0.06412028524186719,2460746.0
GA,200,80,0.11388427972679244,1.82931368E8
MIMIC,200,80,0.055394277128795744,2.9845046232E10
RHC,400,10,0.3119112349649125,736097.0
SA,400,10,0.3931752183442292,2085805.0
GA,400,10,0.37998264483984034,5.5433748E7
MIMIC,400,10,0.3769780228662131,1.80911334E8
RHC,400,20,0.20526183063091125,1159481.0
SA,400,20,0.20634613227592075,2562359.0
GA,400,20,0.22848870183426367,9.637162E7
MIMIC,400,20,0.17321216051040622,6.69374223E8
RHC,400,40,0.11757011500007146,2065719.0
SA,400,40,0.1262762671177851,3428031.0
GA,400,40,0.17270187075748086,1.73257342E8
MIMIC,400,40,0.11140366211301918,5.510509963E9
RHC,400,60,0.09291987187674379,6429133.0
SA,400,60,0.09707464799974837,9387306.0
GA,400,60,0.12444184939332116,4.09023078E8
MIMIC,400,60,0.08483369542767696,2.3151084631E10
RHC,400,80,0.07139816411512254,8435382.0
SA,400,80,0.06461884269246294,1.1477838E7
GA,400,80,0.10185782628013212,5.11444558E8
MIMIC,400,80,0.06169255169178944,6.3977622489E10
RHC,10,10,0.314611630564268,26388.0
SA,10,10,0.16824218480478356,29538.0
GA,10,10,0.3397063623819309,1754581.0
MIMIC,10,10,0.26210890264167896,5324790.0
RHC,10,20,0.14950937813416496,32689.0
SA,10,20,0.13216991968326985,37416.0
GA,10,20,0.2210824436887874,3000315.0
MIMIC,10,20,0.1562686110767223,1.982618E7
RHC,10,40,0.06665884134785008,57501.0
SA,10,40,0.04455956948557786,61439.0
GA,10,40,0.11850623945626695,6032531.0
MIMIC,10,40,0.05922144315893367,1.30674378E8
RHC,10,60,0.0448171893502107,83101.0
SA,10,60,0.029905951963053918,86646.0
GA,10,60,0.0698486212037738,9351467.0
MIMIC,10,60,0.04049393135562326,5.39707302E8
RHC,10,80,0.03617427625899383,234338.0
SA,10,80,0.024212279779457748,234732.0
GA,10,80,0.05461180058694779,2.7942548E7
MIMIC,10,80,0.03383407225274881,1.610406893E9
RHC,30,10,0.36006996352745574,63015.0
SA,30,10,0.2632433454957809,79163.0
GA,30,10,0.360517723306387,4833271.0
MIMIC,30,10,0.24579082814255127,1.399963E7
RHC,30,20,0.2110308117147204,93736.0
SA,30,20,0.11223137564936711,109096.0
GA,30,20,0.2250922218502585,8386939.0
MIMIC,30,20,0.18017608261065568,5.3338096E7
RHC,30,40,0.09963257505729924,161871.0
SA,30,40,0.05079936030075817,176049.0
GA,30,40,0.1602250165135997,1.6584439E7
MIMIC,30,40,0.08574713340502824,3.58250885E8
RHC,30,60,0.05184377007469756,232763.0
SA,30,60,0.03349724592116199,247729.0
GA,30,60,0.09990126262037259,2.6499104E7
MIMIC,30,60,0.05155805468961356,1.606370766E9
RHC,30,80,0.03921148193157259,302473.0
SA,30,80,0.0221190507854122,317833.0
GA,30,80,0.07239012362799614,3.6321609E7
MIMIC,30,80,0.034837533669825206,5.063933327E9
RHC,60,10,0.33661027029705326,117366.0
SA,60,10,0.1935385620819673,155175.0
GA,60,10,0.33661027029705326,9165178.0
MIMIC,60,10,0.2807298923200925,2.6781491E7
RHC,60,20,0.19245479062642876,182350.0
SA,60,20,0.11136817299722246,217009.0
GA,60,20,0.23950036342308043,1.5831406E7
MIMIC,60,20,0.17019783362951169,1.06515504E8
RHC,60,40,0.10800552076805804,314683.0
SA,60,40,0.052940802109984864,345796.0
GA,60,40,0.15896947487199753,3.1444621E7
MIMIC,60,40,0.10436600887168641,6.86032704E8
RHC,60,60,0.06565506990186169,456467.0
SA,60,60,0.03131788151031528,489550.0
GA,60,60,0.1497966502423737,4.7739977E7
MIMIC,60,60,0.058765319378686315,3.138337823E9
RHC,60,80,0.0432309511119932,655359.0
SA,60,80,0.022434125835844147,690018.0
GA,60,80,0.08332319109093,7.413038E7
MIMIC,60,80,0.04363429930667451,9.979950904E9
RHC,100,10,0.3204156341521576,192196.0
SA,100,10,0.3204156341521576,317046.0
GA,100,10,0.3204156341521576,1.4022867E7
MIMIC,100,10,0.2888662775226673,4.4022076E7
RHC,100,20,0.21359289951151342,296960.0
SA,100,20,0.21033698842185247,419839.0
GA,100,20,0.24622998662849574,2.4906392E7
MIMIC,100,20,0.18531885081363067,1.73438905E8
RHC,100,40,0.13898810589953137,521845.0
SA,100,40,0.09371321510215742,631335.0
GA,100,40,0.1790560547809842,4.6186651E7
MIMIC,100,40,0.10847313549289485,1.702473782E9
RHC,100,60,0.06718922575345147,1221315.0
SA,100,60,0.053517869937862915,1382003.0
GA,100,60,0.13718201969857247,1.11691026E8
MIMIC,100,60,0.06613814107486618,4.992910782E9
RHC,100,80,0.050885000202620746,996035.0
SA,100,80,0.04260433944968172,1085044.0
GA,100,80,0.10332650820317131,1.08190134E8
MIMIC,100,80,0.04363313088918288,1.4253245779E10
RHC,200,10,0.3407961209065277,372578.0
SA,200,10,0.3407961209065277,913721.0
GA,200,10,0.3407961209065278,2.723402E7
MIMIC,200,10,0.32690012764569537,8.76763E7
RHC,200,20,0.1961064817182478,584467.0
SA,200,20,0.19381859596248216,1136244.0
GA,200,20,0.2500782467924805,4.8254339E7
MIMIC,200,20,0.19856573761351395,3.3110233E8
RHC,200,40,0.1262647288061494,1039358.0
SA,200,40,0.12141627896823129,1546237.0
GA,200,40,0.14776309159144183,8.8881074E7
MIMIC,200,40,0.13378929475766577,2.802246652E9
RHC,200,60,0.07318587897754299,1497007.0
SA,200,60,0.07838870870254067,1995221.0
GA,200,60,0.1264931313797878,1.44474722E8
MIMIC,200,60,0.06024140349640311,9.887005739E9
RHC,200,80,0.06365407274495867,2004674.0
SA,200,80,0.05847934813446097,2461534.0
GA,200,80,0.1064280458505728,1.89852414E8
MIMIC,200,80,0.0570703437948403,3.1798405083E10
RHC,400,10,0.3344998629431896,734522.0
SA,400,10,0.3344998629431896,2097227.0
GA,400,10,0.32597915053220516,6.6697728E7
MIMIC,400,10,0.3327225465659236,1.74201784E8
RHC,400,20,0.20880533915257724,1175629.0
SA,400,20,0.1843754492713738,2547786.0
GA,400,20,0.2373844577181634,9.4922269E7
MIMIC,400,20,0.2241522632412654,6.65675227E8
RHC,400,40,0.12018282761489496,2055479.0
SA,400,40,0.1121579663722137,3481987.0
GA,400,40,0.1705245521904896,1.9544502E8
MIMIC,400,40,0.1331791290036952,5.45356503E9
RHC,400,60,0.1022077441655075,2968807.0
SA,400,60,0.09818956709071484,4353567.0
GA,400,60,0.11049010811218508,2.86333917E8
MIMIC,400,60,0.0925665236754709,2.1879970084E10
RHC,400,80,0.06799177216654989,3913248.0
SA,400,80,0.06786897372062324,5316914.0
GA,400,80,0.12089363360544349,3.74673453E8
MIMIC,400,80,0.058229761548788624,6.1644762821E10
RHC,10,10,0.26675684468357364,25994.0
SA,10,10,0.19869660007200798,29538.0
GA,10,10,0.31426578882861245,1682902.0
MIMIC,10,10,0.2379449535838499,5262169.0
RHC,10,20,0.15534699298106855,32689.0
SA,10,20,0.0862158934988136,37415.0
GA,10,20,0.2043795157193526,3012917.0
MIMIC,10,20,0.17118459977908024,2.0422068E7
RHC,10,40,0.07565130180854379,57895.0
SA,10,40,0.05059683759808222,60259.0
GA,10,40,0.1069848643903402,6003386.0
MIMIC,10,40,0.07053682221563165,1.3087839E8
RHC,10,60,0.0462552987724377,83496.0
SA,10,60,0.032850034823804976,86253.0
GA,10,60,0.07979325866310438,9349103.0
MIMIC,10,60,0.03972632640908153,5.0332189E8
RHC,10,80,0.03132342921378009,109489.0
SA,10,80,0.023099071530790147,110670.0
GA,10,80,0.05274778073699126,1.2936248E7
MIMIC,10,80,0.029115578091041476,1.404338681E9
RHC,30,10,0.44489680889695604,63803.0
SA,30,10,0.2315819170870512,78769.0
GA,30,10,0.45977296885482977,4780102.0
MIMIC,30,10,0.43711684421041025,1.3675496E7
RHC,30,20,0.20220472789814978,92554.0
SA,30,20,0.09402705514074697,110277.0
GA,30,20,0.27469467952223275,8185290.0
MIMIC,30,20,0.17143445636523066,5.3146293E7
RHC,30,40,0.10193321131108828,163840.0
SA,30,40,0.047318741070763434,175262.0
GA,30,40,0.13381463808384014,1.6625398E7
MIMIC,30,40,0.06974145606100055,3.5537857E8
RHC,30,60,0.05132032148573477,233944.0
SA,30,60,0.03125959977986945,249304.0
GA,30,60,0.10180624738557266,2.6539276E7
MIMIC,30,60,0.05000226293519809,1.55112882E9
RHC,30,80,0.041180030336311346,522239.0
SA,30,80,0.024152265865028926,550596.0
GA,30,80,0.08625937010251096,6.0196521E7
MIMIC,30,80,0.03377848530929599,4.644988887E9
RHC,60,10,0.3464718830454234,118941.0
SA,60,10,0.23559237625278098,151236.0
GA,60,10,0.35498120923849175,8695320.0
MIMIC,60,10,0.3611426210156417,2.692485E7
RHC,60,20,0.212639003492011,179987.0
SA,60,20,0.1040239058042507,215433.0
GA,60,20,0.23969505605844452,1.5394631E7
MIMIC,60,20,0.1821642522275902,1.02764126E8
RHC,60,40,0.09622081957237509,317439.0
SA,60,40,0.04839019601200228,346584.0
GA,60,40,0.13691652739118776,3.1338283E7
MIMIC,60,40,0.09448899376771139,6.91934872E8
RHC,60,60,0.07479749015098927,460011.0
SA,60,60,0.031998634144334064,485611.0
GA,60,60,0.12867759516760238,4.7562352E7
MIMIC,60,60,0.06883572741246384,2.697928413E9
RHC,60,80,0.0509289876557066,604553.0
SA,60,80,0.022748292068339587,625820.0
GA,60,80,0.10968700055887197,6.5634346E7
MIMIC,60,80,0.040311182692173854,9.136742748E9
RHC,100,10,0.44027262702326736,411175.0
SA,100,10,0.44027262702326747,693168.0
GA,100,10,0.44027262702326747,3.1472584E7
MIMIC,100,10,0.40426055977685227,9.0055914E7
RHC,100,20,0.20013749027646635,592344.0
SA,100,20,0.18251801958730454,834558.0
GA,100,20,0.24181138330769414,4.4641201E7
MIMIC,100,20,0.1467245391529169,2.50625919E8
RHC,100,40,0.12007122359467107,640787.0
SA,100,40,0.08407599026981383,773119.0
GA,100,40,0.16852913118207097,6.0916864E7
MIMIC,100,40,0.10519867318899666,1.387402538E9
RHC,100,60,0.07215170747901642,752639.0
SA,100,60,0.06273450977588647,860552.0
GA,100,60,0.1243493603555719,7.7835678E7
MIMIC,100,60,0.07585865859396031,4.441492485E9
RHC,100,80,0.052448118091016696,1014152.0
SA,100,80,0.03902913773726376,1075986.0
GA,100,80,0.11354412798269913,9.9275837E7
MIMIC,100,80,0.04360140838876157,1.7033869528E10
RHC,200,10,0.3368175791715997,369033.0
SA,200,10,0.33681757917159966,947986.0
GA,200,10,0.3368175791715997,2.9611665E7
MIMIC,200,10,0.3060431395561713,8.8920064E7
RHC,200,20,0.2075102177528785,585254.0
SA,200,20,0.21481544135897035,1173266.0
GA,200,20,0.2167075824264369,4.9507555E7
MIMIC,200,20,0.1930758727636666,5.57375603E8
RHC,200,40,0.12475981382546036,1346557.0
SA,200,40,0.12583953358540007,2028305.0
GA,200,40,0.15819155828989298,1.13899712E8
MIMIC,200,40,0.11881511153772754,2.777797514E9
RHC,200,60,0.08903206754865879,1505671.0
SA,200,60,0.08166865309720782,2050359.0
GA,200,60,0.11973464175195918,1.38864394E8
MIMIC,200,60,0.07304807457121587,1.0630656457E10
RHC,200,80,0.06151428922633928,1980649.0
SA,200,80,0.05189201024048658,2451688.0
GA,200,80,0.10830083616053506,1.94396603E8
MIMIC,200,80,0.052490075897451534,2.8868434744E10
RHC,400,10,0.34274055268120757,1591530.0
SA,400,10,0.34274055268120757,4552065.0
GA,400,10,0.3427405526812076,1.15505026E8
MIMIC,400,10,0.27576471628995475,3.10560139E8
RHC,400,20,0.20339606570625604,1679357.0
SA,400,20,0.2005438905634915,3690726.0
GA,400,20,0.24522945249868444,1.33004368E8
MIMIC,400,20,0.19393279069764122,6.89137782E8
RHC,400,40,0.13082417626373435,2051541.0
SA,400,40,0.13221713265119636,3447329.0
GA,400,40,0.18086105443555792,1.71318441E8
MIMIC,400,40,0.10545606047317566,4.994416059E9
RHC,400,60,0.1023740631431769,3219687.0
SA,400,60,0.09684430981468482,4694637.0
GA,400,60,0.1482463416171846,2.63439681E8
MIMIC,400,60,0.08540887353045402,1.9805347397E10
RHC,400,80,0.0644192353877007,3147613.0
SA,400,80,0.06503186594911439,4223599.0
GA,400,80,0.10959976412924027,3.05703237E8
MIMIC,400,80,0.05755580054601705,5.9630315387E10
RHC,10,10,0.3162618800934164,30720.0
SA,10,10,0.23363785791686642,35446.0
GA,10,10,0.34856824976936385,2119283.0
MIMIC,10,10,0.2672694454031803,6438979.0
RHC,10,20,0.1896420857325003,39779.0
SA,10,20,0.09059828610485614,46080.0
GA,10,20,0.23634539657407358,3716720.0
MIMIC,10,20,0.1758275548960341,2.3982038E7
RHC,10,40,0.07789248102566332,64591.0
SA,10,40,0.048525525549667256,68923.0
GA,10,40,0.11890011892662633,6789502.0
MIMIC,10,40,0.0868242571191594,1.40785965E8
RHC,10,60,0.04752839501004953,87433.0
SA,10,60,0.037766443787043254,88615.0
GA,10,60,0.07971190957790691,9761854.0
MIMIC,10,60,0.051841217608304076,5.57165684E8
RHC,10,80,0.03574346685589911,138634.0
SA,10,80,0.02609646272261387,142573.0
GA,10,80,0.05822813626505267,1.6790813E7
MIMIC,10,80,0.03243684290220733,1.886555179E9
RHC,30,10,0.32368130862584443,63409.0
SA,30,10,0.2580577210473169,79163.0
GA,30,10,0.3535514722847818,4724570.0
MIMIC,30,10,0.28615022716490796,1.388384E7
RHC,30,20,0.180442784749693,92553.0
SA,30,20,0.08769213761819095,110276.0
GA,30,20,0.24129160439761574,8419628.0
MIMIC,30,20,0.162077146747338,5.2832398E7
RHC,30,40,0.08597730742913673,163052.0
SA,30,40,0.043261080094351284,178412.0
GA,30,40,0.13670183230362595,1.671874E7
MIMIC,30,40,0.08036728105462634,3.57825925E8
RHC,30,60,0.05531393976643378,233550.0
SA,30,60,0.030490168042037705,249304.0
GA,30,60,0.10349627998675762,2.6456175E7
MIMIC,30,60,0.051297253550946345,1.37462501E9
RHC,30,80,0.03663404041693844,299716.0
SA,30,80,0.021692113156531936,319802.0
GA,30,80,0.06963418431495284,3.5991961E7
MIMIC,30,80,0.035277840149427975,3.421104287E9
RHC,60,10,0.28427996489839985,128393.0
SA,60,10,0.18104903737049027,152812.0
GA,60,10,0.283046123342977,9536967.0
MIMIC,60,10,0.22758663426119086,3.5038067E7
RHC,60,20,0.19269753735012207,183532.0
SA,60,20,0.09917737212554682,211102.0
GA,60,20,0.246026782728912,1.4315888E7
MIMIC,60,20,0.19337721421389814,1.37469788E8
RHC,60,40,0.09921022716057969,268996.0
SA,60,40,0.040915041070162673,302473.0
GA,60,40,0.16291175382267672,2.593945E7
MIMIC,60,40,0.09258646914276861,5.76076566E8
RHC,60,60,0.06537412416352431,400540.0
SA,60,60,0.034782230602158584,396997.0
GA,60,60,0.1324020905773546,3.9523573E7
MIMIC,60,60,0.05506289199841337,3.268867265E9
RHC,60,80,0.04719295315227046,660873.0
SA,60,80,0.025633747259007265,677020.0
GA,60,80,0.09454100585803814,7.142663E7
MIMIC,60,80,0.04394814525707248,8.769650821E9
RHC,100,10,0.3182355260969687,193378.0
SA,100,10,0.3182355260969687,315077.0
GA,100,10,0.30286305425662524,1.3979151E7
MIMIC,100,10,0.31823552609696865,4.4248931E7
RHC,100,20,0.209893849556724,296171.0
SA,100,20,0.19364226957353242,424172.0
GA,100,20,0.2572303609576592,2.5133641E7
MIMIC,100,20,0.19420102664266925,1.67643863E8
RHC,100,40,0.12488271870445883,518301.0
SA,100,40,0.10122073485690786,641181.0
GA,100,40,0.17380924629862693,4.9909278E7
MIMIC,100,40,0.08141942144155666,1.140938778E9
RHC,100,60,0.07100114630363727,749882.0
SA,100,60,0.054796852616534414,862522.0
GA,100,60,0.15712148766277748,7.0687382E7
MIMIC,100,60,0.05996795493972697,4.403684897E9
RHC,100,80,0.05089079756957109,994460.0
SA,100,80,0.038282555418893305,1103949.0
GA,100,80,0.10237579475088034,1.05799098E8
MIMIC,100,80,0.046524814883390844,1.7600755711E10
RHC,200,10,0.3702311261333624,797931.0
SA,200,10,0.3702311261333624,2042089.0
GA,200,10,0.36780366239103524,5.7929547E7
MIMIC,200,10,0.3282936261800348,1.68075517E8
RHC,200,20,0.20967701423748347,954682.0
SA,200,20,0.2048921909737531,1822323.0
GA,200,20,0.2175548262752708,7.8531208E7
MIMIC,200,20,0.19429185997660137,4.07826182E8
RHC,200,40,0.11368379902530196,1032269.0
SA,200,40,0.10946550765277355,1585622.0
GA,200,40,0.14836154981696048,9.1464305E7
MIMIC,200,40,0.0958368575700692,3.691440203E9
RHC,200,60,0.08178159486048388,2210261.0
SA,200,60,0.0820992628395836,2884524.0
GA,200,60,0.13112815764089647,1.73919397E8
MIMIC,200,60,0.07235694187020866,1.1283481689E10
RHC,200,80,0.06340986759483738,3047182.0
SA,200,80,0.0607431381254521,3743107.0
GA,200,80,0.10517006888951633,2.45561066E8
MIMIC,200,80,0.05979078064831981,2.945537987E10
RHC,400,10,0.3152074503645699,737673.0
SA,400,10,0.3030453805014597,2096439.0
GA,400,10,0.30389247372752826,6.1650598E7
MIMIC,400,10,0.31478439530805624,1.80157908E8
RHC,400,20,0.22468686707005514,1158299.0
SA,400,20,0.2153407625698305,2537152.0
GA,400,20,0.22468329452200086,9.8959972E7
MIMIC,400,20,0.18347128779897673,6.6629317E8
RHC,400,40,0.12503000879356,2097621.0
SA,400,40,0.16045225816893469,3428031.0
GA,400,40,0.170895218591812,1.78248151E8
MIMIC,400,40,0.12122814090249057,5.906270295E9
RHC,400,60,0.11194789265115691,6423225.0
SA,400,60,0.10263655025459582,9346346.0
GA,400,60,0.14472022931408773,4.81248427E8
MIMIC,400,60,0.08216967934312815,2.4281973654E10
RHC,400,80,0.06348014903373549,4632016.0
SA,400,80,0.06798978711057996,6295620.0
GA,400,80,0.12165077042404258,4.04660452E8
MIMIC,400,80,0.06348583045428449,6.0295627882E10
RHC,10,10,0.2986461114085812,26782.0
SA,10,10,0.26562869094991565,29539.0
GA,10,10,0.34389442683425436,1721498.0
MIMIC,10,10,0.3321460724465988,5279499.0
RHC,10,20,0.17710694116166453,32295.0
SA,10,20,0.08531048318083276,37809.0
GA,10,20,0.2289710932776334,2971958.0
MIMIC,10,20,0.12850532712948395,2.0162919E7
RHC,10,40,0.06535646693254829,59864.0
SA,10,40,0.044411425547250964,60652.0
GA,10,40,0.1087045448993263,6005749.0
MIMIC,10,40,0.06281995944913768,1.34794789E8
RHC,10,60,0.05550378145639092,83495.0
SA,10,60,0.03321635142449408,84283.0
GA,10,60,0.07662832072343546,9396759.0
MIMIC,10,60,0.05490807904369608,5.0479684E8
RHC,10,80,0.031996910537533584,107126.0
SA,10,80,0.022497548713626647,114609.0
GA,10,80,0.05567332550016149,1.2757836E7
MIMIC,10,80,0.029997783564008375,1.4032623E9
RHC,30,10,0.3695568827819791,63016.0
SA,30,10,0.16847621652503084,77982.0
GA,30,10,0.3672585842780749,4624534.0
MIMIC,30,10,0.30303679576424797,1.4033107E7
RHC,30,20,0.22636954031370288,91372.0
SA,30,20,0.10765762535509993,109489.0
GA,30,20,0.2389633185877923,8414114.0
MIMIC,30,20,0.17768154785033535,5.3278232E7
RHC,30,40,0.0966291763934264,163052.0
SA,30,40,0.054868988576185954,177231.0
GA,30,40,0.17394916472344285,1.6553324E7
MIMIC,30,40,0.09822802820698275,3.58578171E8
RHC,30,60,0.050966297804074766,234338.0
SA,30,60,0.031240976532474235,246941.0
GA,30,60,0.09607553096745795,2.6219867E7
MIMIC,30,60,0.047590808116256086,1.372844435E9
RHC,30,80,0.04041153751888393,313108.0
SA,30,80,0.021448318158916773,329255.0
GA,30,80,0.0719590470352988,3.6175493E7
MIMIC,30,80,0.03390436055451385,4.694409797E9
RHC,60,10,0.32920371280619143,235914.0
SA,60,10,0.24207944743081156,305624.0
GA,60,10,0.38411663031822363,1.7122037E7
MIMIC,60,10,0.3129777677309671,5.3961947E7
RHC,60,20,0.19342950594638555,358793.0
SA,60,20,0.08607605979226085,432443.0
GA,60,20,0.2747816270419834,2.6974475E7
MIMIC,60,20,0.1883509036690369,1.62790111E8
RHC,60,40,0.11097780199095451,432443.0
SA,60,40,0.05236155923901098,473009.0
GA,60,40,0.16440073343847408,4.2239138E7
MIMIC,60,40,0.07970785744654192,1.083100209E9
RHC,60,60,0.06419493898933427,840072.0
SA,60,60,0.03116333762585487,898361.0
GA,60,60,0.11906280973226435,7.81094E7
MIMIC,60,60,0.0567663062578754,3.411510606E9
RHC,60,80,0.04362093621545076,872762.0
SA,60,80,0.023991500952478127,896392.0
GA,60,80,0.10420756952417119,9.3227945E7
MIMIC,60,80,0.04072911551506084,9.765943948E9
RHC,100,10,0.30409209795618203,411174.0
SA,100,10,0.35579572765701534,690017.0
GA,100,10,0.34150776191202403,2.9734544E7
MIMIC,100,10,0.32987125471362877,8.0034911E7
RHC,100,20,0.2282083135736962,481673.0
SA,100,20,0.1824547988909331,673870.0
GA,100,20,0.22716595732727843,4.0792937E7
MIMIC,100,20,0.15962142182060637,2.3417972E8
RHC,100,40,0.09807143538714438,617549.0
SA,100,40,0.08451379060883335,740035.0
GA,100,40,0.1595331928652396,5.4428655E7
MIMIC,100,40,0.08675667447541346,1.198244474E9
RHC,100,60,0.07074671674091115,1632489.0
SA,100,60,0.0537619916925723,1825080.0
GA,100,60,0.12865613699682207,1.60179704E8
MIMIC,100,60,0.05774731654405938,5.500617352E9
RHC,100,80,0.05785799715711077,1287481.0
SA,100,80,0.04506099647857708,1422570.0
GA,100,80,0.11968663444456601,1.30529836E8
MIMIC,100,80,0.04886515267832574,1.6527531569E10
RHC,200,10,0.3231159931302326,606522.0
SA,200,10,0.31342148154719685,1476527.0
GA,200,10,0.32311599313023265,4.8090105E7
MIMIC,200,10,0.3231159931302326,1.20185485E8
RHC,200,20,0.18886895197200806,767999.0
SA,200,20,0.19005161676292254,1465892.0
GA,200,20,0.22001342765424928,6.3346497E7
MIMIC,200,20,0.15492077078342611,3.54156862E8
RHC,200,40,0.12716073746022744,1033057.0
SA,200,40,0.11906403287110376,1564748.0
GA,200,40,0.15174301328800743,9.0711273E7
MIMIC,200,40,0.0994970974779567,3.17613714E9
RHC,200,60,0.08059866293989909,1496219.0
SA,200,60,0.06978251208441258,2010974.0
GA,200,60,0.12256483910396268,1.4711073E8
MIMIC,200,60,0.06876577720644146,9.238946825E9
RHC,200,80,0.061571073750132085,1967652.0
SA,200,80,0.0554951654311843,2497374.0
GA,200,80,0.11256477221232816,1.87210105E8
MIMIC,200,80,0.05308545719673856,3.3216074644E10
RHC,400,10,0.3010504947483937,742005.0
SA,400,10,0.297584825829097,2083443.0
GA,400,10,0.2959885867839183,6.1775841E7
MIMIC,400,10,0.2975848258290971,1.80110253E8
RHC,400,20,0.20862359411097017,1159875.0
SA,400,20,0.22774943586418142,2553301.0
GA,400,20,0.2290662717446062,1.01407722E8
MIMIC,400,20,0.20787926045914532,6.67409722E8
RHC,400,40,0.13068602446494357,2016882.0
SA,400,40,0.12695458816126182,3437877.0
GA,400,40,0.16284861254954436,1.77899599E8
MIMIC,400,40,0.10830559115078708,4.986868405E9
RHC,400,60,0.08608957512149484,2993225.0
SA,400,60,0.11459451880438012,4400042.0
GA,400,60,0.12057874839938792,2.79560563E8
MIMIC,400,60,0.07849342732175507,2.0845813048E10
RHC,400,80,0.06595817088976712,7240455.0
SA,400,80,0.06570664598179787,9821324.0
GA,400,80,0.10619630924564062,4.70513775E8
MIMIC,400,80,0.06240773498464988,6.2154977005E10
RHC,10,10,0.4164669645513072,25600.0
SA,10,10,0.2705561657772661,30326.0
GA,10,10,0.5451000878069813,1758914.0
MIMIC,10,10,0.43654964002906055,5143622.0
RHC,10,20,0.16124140577151777,32295.0
SA,10,20,0.09992296288320225,37021.0
GA,10,20,0.20029902429884353,2977078.0
MIMIC,10,20,0.17213046604993945,2.020309E7
RHC,10,40,0.07074055910706974,57895.0
SA,10,40,0.049998877837589044,61046.0
GA,10,40,0.09893872432863485,5983300.0
MIMIC,10,40,0.06590323462080823,1.35991685E8
RHC,10,60,0.047582019575634085,84677.0
SA,10,60,0.03125583270521534,85858.0
GA,10,60,0.07308704667667805,9365251.0
MIMIC,10,60,0.04594992232055718,5.39176792E8
RHC,10,80,0.032722502653141215,232763.0
SA,10,80,0.02315110638103239,244184.0
GA,10,80,0.0566471836457188,2.7805883E7
MIMIC,10,80,0.029025545451215905,1.938748367E9
RHC,30,10,0.32435703938235233,136665.0
SA,30,10,0.19900453631729886,168172.0
GA,30,10,0.32435703938235233,1.0681089E7
MIMIC,30,10,0.32435703938235233,3.0168956E7
RHC,30,20,0.17092527104571315,200074.0
SA,30,20,0.09475423601226751,239064.0
GA,30,20,0.25342674489997835,1.7924301E7
MIMIC,30,20,0.1643228225065034,9.9627541E7
RHC,30,40,0.08825775206542755,264270.0
SA,30,40,0.05079103547846771,292627.0
GA,30,40,0.1692047251646915,2.6981958E7
MIMIC,30,40,0.07123862873080596,5.93052487E8
RHC,30,60,0.061800934736844455,378879.0
SA,30,60,0.03499710961743378,396603.0
GA,30,60,0.11147560104926724,4.2750743E7
MIMIC,30,60,0.05129387840305311,1.690601705E9
RHC,30,80,0.038079036819481056,306018.0
SA,30,80,0.023263148242010392,362338.0
GA,30,80,0.08232956673920688,3.6074275E7
MIMIC,30,80,0.03477908787186522,4.961480733E9
RHC,60,10,0.2816373073596273,179594.0
SA,60,10,0.15521201588019695,231975.0
GA,60,10,0.28163730735962733,1.4458854E7
MIMIC,60,10,0.27511561285021896,4.1135977E7
RHC,60,20,0.22041573880249332,321771.0
SA,60,20,0.11378416553603292,328074.0
GA,60,20,0.254427320311756,2.4902848E7
MIMIC,60,20,0.15820147582794067,1.35432031E8
RHC,60,40,0.09216856036239149,389907.0
SA,60,40,0.04817001869319286,425353.0
GA,60,40,0.19259514912701975,3.6876538E7
MIMIC,60,40,0.08879695781613209,8.32625921E8
RHC,60,60,0.06587763649139271,842042.0
SA,60,60,0.03154968759251189,890090.0
GA,60,60,0.10953852713741455,8.906303E7
MIMIC,60,60,0.05639801496521042,3.715955113E9
RHC,60,80,0.045754692760658536,647088.0
SA,60,80,0.023539625661580917,700257.0
GA,60,80,0.09202920683075617,6.8815041E7
MIMIC,60,80,0.043376400207502275,8.527477219E9
RHC,100,10,0.27137231610463797,191803.0
SA,100,10,0.25476123412571244,325316.0
GA,100,10,0.2737129223453561,1.561164E7
MIMIC,100,10,0.23448020590066518,4.414023E7
RHC,100,20,0.22700122167259665,296959.0
SA,100,20,0.1960878489933455,415901.0
GA,100,20,0.24758071603633447,2.6000495E7
MIMIC,100,20,0.19994987336362174,1.72926512E8
RHC,100,40,0.11628821193558467,505304.0
SA,100,40,0.09077189978874525,632910.0
GA,100,40,0.16263210055595428,5.0440575E7
MIMIC,100,40,0.10505446920836829,1.610210365E9
RHC,100,60,0.07681934960900674,823924.0
SA,100,60,0.05571352576250039,920023.0
GA,100,60,0.12972899066196728,7.9939994E7
MIMIC,100,60,0.06284424082361514,5.786913067E9
RHC,100,80,0.04839993829208923,5516594.0
SA,100,80,0.03812058357140293,2337867.0
GA,100,80,0.0996046690935262,2.21288371E8
MIMIC,100,80,0.04251104436109542,1.512515936E10
RHC,200,10,0.31692572601757013,377698.0
SA,200,10,0.31692572601757013,903087.0
GA,200,10,0.3087691688889171,3.0613607E7
MIMIC,200,10,0.31561767661715207,8.8001223E7
RHC,200,20,0.20770493506871232,586435.0
SA,200,20,0.2036062033324539,1118915.0
GA,200,20,0.2369786993440425,4.557422E7
MIMIC,200,20,0.16302719513169073,3.34435838E8
RHC,200,40,0.12132949631333693,1034238.0
SA,200,40,0.115852190307665,1553326.0
GA,200,40,0.16990807040576664,8.9696333E7
MIMIC,200,40,0.11218638729796886,2.908796814E9
RHC,200,60,0.07597699955373656,2419393.0
SA,200,60,0.07388703464245983,3248437.0
GA,200,60,0.107333188252461,1.9788056E8
MIMIC,200,60,0.06447923167183708,1.0587652472E10
RHC,200,80,0.05987924159701151,2326445.0
SA,200,80,0.05587901061630141,2920364.0
GA,200,80,0.09730145582663266,2.12281125E8
MIMIC,200,80,0.04786433278273922,3.024981696E10
RHC,400,10,0.25079902169977386,733340.0
SA,400,10,0.25356601785078436,2101559.0
GA,400,10,0.3087865070791352,5.371028E7
MIMIC,400,10,0.3087865070791352,1.74952453E8
RHC,400,20,0.16752846708606936,1166964.0
SA,400,20,0.1901069774209366,2551724.0
GA,400,20,0.2242194229647658,9.2184255E7
MIMIC,400,20,0.24379488449987785,7.35517023E8
RHC,400,40,0.13351393627043542,2100771.0
SA,400,40,0.1164217075813932,3436301.0
GA,400,40,0.16316529798064952,1.77743635E8
MIMIC,400,40,0.11640303163896133,5.213490624E9
RHC,400,60,0.08936210703795211,3013312.0
SA,400,60,0.09467828557535701,4354749.0
GA,400,60,0.11240709994691064,2.78442435E8
MIMIC,400,60,0.07829459109619319,2.1056696023E10
RHC,400,80,0.06870729056263802,3942787.0
SA,400,80,0.06006590213404726,5311793.0
GA,400,80,0.11651178483389715,3.56440772E8
MIMIC,400,80,0.05421251751440116,6.3093056229E10
