Iteration,RHC,SA,GA
0,38.811,59.801,87.621
1,39.042,60.468,38.186
2,39.097,60.522,58.009
3,39.001,60.518,57.899
4,38.811,60.449,36.205
5,38.811,60.334,53.458
6,38.598,59.775,37.146
7,38.842,59.733,95.125
8,38.602,59.723,37.742
9,38.561,60.101,25.485
10,38.561,61.145,25.555
11,38.593,61.222,30.668
12,39.380,59.384,31.279
13,38.561,59.858,42.431
14,37.651,59.749,48.316
15,38.026,59.697,27.774
16,37.700,59.697,20.293
17,37.511,59.452,31.643
18,37.687,59.994,34.057
19,36.880,57.898,23.111
20,46.946,59.481,16.780
21,36.551,58.484,29.094
22,36.367,59.251,45.370
23,37.395,58.309,19.021
24,35.777,57.404,18.736
25,35.777,57.559,17.193
26,35.774,57.233,23.793
27,35.842,59.653,23.743
28,35.745,59.653,16.969
29,37.792,59.623,15.098
30,35.695,61.720,15.643
31,35.786,60.577,52.118
32,35.644,60.587,17.061
33,35.644,61.455,10.764
34,33.085,59.432,19.754
35,34.064,59.042,20.661
36,33.471,58.682,17.336
37,33.021,58.447,17.336
38,33.006,59.969,12.237
39,32.978,62.828,12.839
40,32.978,62.384,23.178
41,32.957,62.785,12.395
42,32.957,62.777,13.101
43,32.615,62.777,8.582
44,32.570,62.477,14.669
45,32.453,62.485,11.916
46,32.109,62.035,8.656
47,31.995,62.726,11.068
48,31.995,63.328,7.203
49,32.718,62.442,8.204
50,32.517,62.632,9.583
51,31.995,61.303,8.786
52,32.077,61.174,9.787
53,31.976,60.328,8.596
54,31.259,59.296,5.740
55,31.396,58.392,6.956
56,31.331,60.540,6.302
57,31.151,59.390,8.556
58,30.696,59.685,7.804
59,30.088,58.396,6.780
60,30.088,59.600,5.785
61,29.478,58.120,6.026
62,28.424,56.713,8.161
63,28.586,56.037,6.359
64,28.649,55.404,6.640
65,28.558,55.405,5.498
66,28.428,56.351,7.800
67,28.417,55.564,7.287
68,28.543,54.693,6.066
69,28.612,54.703,7.126
70,28.427,54.624,6.900
71,29.316,54.504,6.491
72,28.171,54.542,5.410
73,28.171,55.724,7.247
74,28.100,53.676,5.663
75,27.979,53.679,6.061
76,27.939,53.667,6.064
77,27.943,53.619,5.946
78,28.850,53.622,5.768
79,27.231,51.909,7.352
80,27.221,52.254,6.322
81,26.948,52.987,6.554
82,27.318,51.919,5.100
83,26.909,52.137,7.742
84,26.923,52.090,5.872
85,26.909,50.863,5.129
86,26.958,49.645,4.462
87,28.283,49.944,5.837
88,26.324,49.555,5.837
89,26.630,49.708,6.190
90,26.281,49.278,5.009
91,26.281,50.191,5.688
92,26.282,48.558,7.661
93,26.570,48.558,5.766
94,26.971,48.221,5.466
95,26.652,48.195,4.585
96,26.289,48.173,5.614
97,26.281,48.156,5.792
98,28.072,48.156,4.036
99,26.614,51.130,6.130
100,26.281,48.164,5.815
101,26.281,47.064,5.517
102,26.109,48.630,4.703
103,27.249,46.523,5.153
104,25.476,45.877,5.186
105,25.476,46.189,4.747
106,26.506,45.760,5.375
107,25.737,45.760,4.387
108,25.137,45.298,4.366
109,25.138,45.325,4.153
110,24.743,47.096,4.595
111,24.378,45.359,5.562
112,24.321,45.282,4.308
113,24.463,45.611,4.598
114,24.362,45.404,5.653
115,24.230,44.989,5.347
116,24.233,45.589,4.711
117,24.935,44.779,4.366
118,25.335,44.779,5.349
119,23.634,44.785,4.636
120,24.267,44.524,4.178
121,23.634,43.628,5.345
122,25.470,42.736,4.301
123,23.292,43.315,4.557
124,23.453,44.701,4.265
125,23.292,42.888,4.754
126,22.994,42.821,4.412
127,22.989,42.736,4.903
128,22.774,43.832,4.644
129,23.050,42.633,3.883
130,22.783,42.222,4.028
131,23.403,42.848,4.292
132,22.769,42.222,4.544
133,22.769,42.507,4.753
134,22.921,41.441,5.431
135,22.935,41.441,4.532
136,22.625,41.957,4.501
137,22.604,42.661,5.290
138,22.604,41.375,4.408
139,22.604,41.376,4.367
140,22.661,41.243,3.881
141,22.607,40.769,4.056
142,22.586,40.769,3.986
143,22.608,41.290,5.001
144,22.975,40.261,4.672
145,23.127,41.933,4.537
146,22.586,40.248,4.212
147,22.565,41.040,4.080
148,22.576,40.248,3.995
149,22.676,39.801,3.463
150,22.344,39.801,3.567
151,22.333,39.774,4.249
152,22.532,40.611,3.972
153,22.331,39.774,3.400
154,23.065,38.361,4.210
155,22.387,38.584,3.846
156,22.331,38.967,3.828
157,22.331,39.272,4.131
158,22.354,38.212,4.660
159,23.217,38.144,4.373
160,22.327,38.287,3.647
161,23.488,38.954,4.046
162,22.295,38.147,4.044
163,22.295,38.144,4.235
164,22.287,37.372,3.961
165,23.253,37.846,3.474
166,22.357,37.384,3.540
167,21.709,36.596,5.338
168,21.675,35.849,3.840
169,21.183,35.859,3.729
170,21.174,36.714,4.234
171,21.183,35.644,3.360
172,20.638,35.626,3.463
173,20.618,35.375,3.463
174,20.905,35.539,3.995
175,20.729,35.377,5.200
176,20.618,35.768,3.764
177,20.631,35.375,3.425
178,20.816,35.375,3.749
179,20.618,35.456,4.017
180,20.621,35.276,3.370
181,21.053,35.023,3.833
182,20.976,35.072,3.557
183,20.733,37.205,4.041
184,21.135,32.893,3.899
185,20.636,33.274,3.952
186,20.610,32.769,4.046
187,19.793,32.769,3.880
188,19.874,33.628,4.044
189,19.855,32.910,3.773
190,20.026,32.149,3.667
191,19.806,31.807,4.424
192,19.983,31.640,3.737
193,19.761,31.620,3.503
194,18.968,31.611,3.765
195,18.841,31.611,3.795
196,18.776,33.046,3.273
197,18.784,31.382,3.355
198,18.776,31.421,4.045
199,18.780,31.245,4.326
200,18.776,31.302,3.614
201,18.773,31.268,3.393
202,18.798,31.212,4.021
203,19.020,30.356,3.321
204,18.632,30.125,3.849
205,19.923,29.530,3.688
206,18.577,29.355,3.183
207,18.574,29.357,3.136
208,18.574,29.355,4.101
209,18.217,29.299,3.015
210,18.215,29.049,3.335
211,18.465,29.205,3.138
212,17.652,29.648,2.791
213,17.446,31.500,3.744
214,17.640,29.400,3.153
215,17.476,30.469,3.519
216,17.539,28.937,3.330
217,17.427,28.961,3.418
218,17.427,28.951,3.342
219,16.313,27.949,3.573
220,16.166,27.949,3.425
221,16.326,34.724,3.892
222,16.166,27.949,3.891
223,16.176,28.852,3.836
224,16.169,27.730,3.598
225,16.850,27.457,3.344
226,16.319,27.030,3.418
227,16.242,27.016,3.524
228,16.142,26.939,3.812
229,16.964,26.939,3.639
230,16.321,27.273,3.576
231,15.946,27.020,3.274
232,15.940,27.010,3.995
233,15.901,26.755,3.155
234,15.924,27.286,3.268
235,15.908,26.795,3.423
236,15.904,26.849,3.313
237,15.864,27.066,3.575
238,15.817,26.979,3.203
239,15.660,26.236,3.549
240,15.829,26.294,3.158
241,15.686,26.274,3.261
242,15.668,26.277,3.516
243,15.992,26.409,3.240
244,15.754,26.048,3.472
245,15.668,26.048,3.436
246,16.091,25.686,3.455
247,15.660,26.124,3.497
248,15.615,25.542,3.453
249,16.270,25.542,3.191
250,15.494,25.571,3.108
251,16.080,24.967,3.279
252,15.494,24.979,3.433
253,15.494,25.920,3.490
254,15.249,25.078,3.319
255,15.251,24.637,3.338
256,15.240,24.571,3.771
257,15.247,24.570,3.514
258,15.292,24.039,3.327
259,15.247,24.047,3.075
260,15.394,24.039,3.199
261,15.094,24.541,3.387
262,15.128,23.681,3.313
263,15.096,23.598,3.998
264,15.066,23.598,3.400
265,15.227,23.257,3.493
266,15.067,23.224,3.089
267,14.892,22.318,2.843
268,13.317,22.441,3.032
269,13.371,21.360,3.193
270,13.198,21.360,3.281
271,13.146,21.498,3.061
272,13.164,21.422,3.118
273,13.140,21.375,2.959
274,12.905,21.434,3.400
275,12.917,19.231,3.080
276,12.818,19.202,3.120
277,12.805,19.210,2.925
278,12.703,19.161,3.353
279,12.706,19.216,3.802
280,12.748,19.176,3.144
281,12.603,18.926,3.260
282,12.686,19.107,3.243
283,12.600,18.293,3.060
284,12.380,18.669,3.670
285,12.512,18.742,3.931
286,12.382,17.958,3.135
287,12.693,17.705,3.075
288,12.380,18.008,3.233
289,12.385,17.705,2.988
290,12.361,17.400,3.401
291,13.113,17.534,3.346
292,12.353,17.423,3.714
293,11.719,17.782,3.042
294,11.922,17.899,3.551
295,11.750,17.366,3.259
296,11.719,17.366,3.934
297,11.581,17.370,3.035
298,11.708,17.368,3.597
299,11.579,17.378,3.040
300,11.580,15.529,3.006
301,11.674,15.551,3.359
302,11.406,15.405,3.287
303,11.373,15.355,3.304
304,11.375,15.063,3.296
305,11.306,15.028,3.353
306,11.165,15.078,3.015
307,11.172,15.481,3.161
308,11.168,15.043,2.839
309,10.950,14.889,2.955
310,11.234,14.923,3.127
311,11.779,14.904,2.931
312,10.950,14.887,3.340
313,10.952,14.766,3.160
314,10.955,14.799,3.246
315,11.117,14.832,2.791
316,11.585,15.454,3.075
317,10.951,14.762,2.932
318,10.895,15.056,2.949
319,10.898,14.762,3.122
320,10.883,14.824,2.991
321,10.883,14.762,3.300
322,10.808,14.591,2.869
323,10.719,14.993,2.929
324,10.515,14.596,2.821
325,10.501,14.753,3.069
326,10.603,14.605,3.019
327,10.460,15.171,3.055
328,10.624,14.601,3.366
329,10.437,14.591,3.088
330,10.436,14.648,3.041
331,10.436,14.635,3.213
332,10.506,14.588,3.076
333,10.436,14.365,2.720
334,10.403,14.316,2.787
335,10.401,13.309,2.869
336,10.414,13.426,2.876
337,10.400,13.582,2.694
338,10.400,13.309,2.906
339,10.402,13.860,2.780
340,10.506,13.311,2.771
341,10.560,13.199,2.918
342,10.536,12.090,2.776
343,10.417,12.103,2.980
344,10.467,12.073,2.896
345,10.396,11.927,3.051
346,10.268,11.901,2.920
347,10.286,11.930,3.154
348,10.319,11.871,2.829
349,10.140,11.813,2.921
350,10.373,11.813,3.016
351,10.499,11.904,2.763
352,10.170,11.861,3.018
353,10.174,12.469,2.824
354,10.150,11.805,2.891
355,10.041,11.851,2.716
356,9.981,11.938,2.632
357,10.327,12.636,3.093
358,9.938,11.774,3.455
359,9.750,11.769,2.801
360,9.734,11.740,2.762
361,9.734,11.739,3.030
362,9.850,11.744,2.760
363,9.714,11.718,2.986
364,9.678,11.721,2.614
365,9.664,11.734,2.824
366,9.806,11.712,2.903
367,9.664,11.697,2.817
368,9.904,11.872,2.824
369,9.664,11.680,2.740
370,9.756,11.689,2.849
371,9.665,11.615,2.958
372,9.670,11.720,2.747
373,9.670,11.597,2.919
374,9.562,11.952,2.872
375,9.492,11.692,2.674
376,9.490,11.688,2.701
377,9.524,11.696,2.834
378,9.490,11.684,2.729
379,9.457,11.593,2.942
380,9.454,11.585,2.843
381,9.414,11.503,2.771
382,9.290,11.530,2.885
383,9.290,11.503,2.811
384,9.330,11.546,2.823
385,9.396,11.404,2.786
386,9.288,11.404,2.845
387,9.302,11.377,2.584
388,9.289,11.375,2.879
389,9.294,10.907,2.611
390,9.289,10.693,2.873
391,9.620,10.669,2.597
392,9.289,10.671,2.666
393,9.286,10.638,2.810
394,9.256,10.639,2.662
395,9.255,10.739,2.935
396,9.369,10.638,2.781
397,9.263,10.583,2.649
398,9.253,12.198,3.015
399,8.783,10.563,2.665
400,8.800,10.563,2.696
401,8.823,10.563,2.840
402,8.763,10.635,2.759
403,8.710,10.563,2.807
404,8.743,11.806,2.772
405,8.831,10.526,2.616
406,8.769,10.548,2.572
407,8.676,10.497,2.730
408,8.731,10.510,3.412
409,8.676,10.611,2.731
410,8.676,10.543,3.173
411,8.681,10.483,2.795
412,8.651,10.492,2.609
413,8.703,10.458,2.744
414,8.646,10.455,2.632
415,8.721,10.480,2.917
416,8.580,10.458,2.691
417,8.583,10.459,2.654
418,9.574,10.577,2.513
419,8.572,10.476,2.582
420,8.563,10.455,2.738
421,9.574,10.451,2.902
422,8.653,10.390,2.672
423,7.540,10.390,3.053
424,7.425,10.482,2.809
425,7.428,10.389,2.818
426,7.438,10.389,2.587
427,7.425,10.360,2.871
428,7.427,9.567,2.672
429,7.427,9.702,2.983
430,7.462,9.571,2.583
431,7.447,9.515,2.882
432,7.398,9.391,2.668
433,7.432,9.627,2.767
434,7.398,9.459,2.602
435,7.374,9.391,2.954
436,7.376,9.392,2.687
437,8.337,9.388,2.577
438,7.373,9.388,2.632
439,7.368,9.507,2.657
440,7.358,9.339,2.621
441,7.358,9.355,2.630
442,7.430,10.105,2.855
443,7.358,9.413,2.708
444,7.605,9.339,2.722
445,7.363,9.307,2.621
446,7.358,9.307,2.700
447,7.335,9.272,2.551
448,7.412,9.277,2.722
449,7.546,9.483,2.458
450,7.325,9.516,2.675
451,7.418,9.268,3.031
452,7.313,9.226,2.628
453,7.314,9.302,2.621
454,7.309,9.233,2.783
455,7.297,9.274,2.666
456,7.278,8.711,2.564
457,7.849,8.708,2.664
458,7.427,8.734,2.657
459,7.688,8.724,2.561
460,7.420,8.736,2.594
461,7.546,8.708,2.463
462,7.279,8.669,2.504
463,7.266,8.669,2.454
464,7.218,8.803,2.667
465,7.275,8.661,3.062
466,7.701,8.659,2.385
467,7.216,8.633,2.989
468,7.148,8.589,2.610
469,7.147,8.692,2.709
470,7.147,8.638,2.475
471,7.368,8.631,2.584
472,7.267,8.587,2.671
473,7.125,8.315,3.128
474,7.114,8.413,2.618
475,6.984,8.328,2.683
476,6.931,8.365,2.594
477,6.931,8.304,2.601
478,6.931,8.317,2.687
479,6.843,8.287,2.518
480,6.903,8.273,2.555
481,6.844,8.308,2.509
482,6.844,8.143,2.544
483,6.851,8.201,2.603
484,6.837,8.069,2.628
485,6.832,8.069,2.705
486,6.896,8.030,2.816
487,6.830,8.068,2.727
488,6.939,7.995,2.720
489,6.856,7.998,2.643
490,6.843,8.022,2.802
491,6.998,8.019,2.610
492,6.850,7.993,2.678
493,6.832,8.011,2.573
494,6.897,8.278,2.692
495,6.693,8.103,2.644
496,6.690,8.014,2.792
497,6.669,7.993,2.558
498,6.699,8.006,2.527
499,6.688,8.036,2.445
500,6.693,7.996,2.449
501,6.678,7.996,2.516
502,6.666,8.015,2.489
503,6.997,7.993,2.561
504,6.720,7.993,2.926
505,6.660,7.967,2.548
506,6.675,8.054,2.550
507,6.648,8.006,2.731
508,6.643,7.954,2.628
509,6.676,7.954,2.552
510,6.729,7.951,2.581
511,6.643,7.949,2.803
512,6.632,8.029,2.471
513,6.627,7.987,2.507
514,6.625,7.960,2.479
515,6.611,8.025,2.484
516,6.571,8.711,2.529
517,6.542,8.027,2.465
518,6.763,7.968,2.675
519,6.542,7.950,2.665
520,6.513,7.609,2.587
521,6.540,7.592,2.726
522,6.535,7.476,2.574
523,6.625,7.471,2.567
524,6.512,7.353,2.605
525,6.543,7.358,2.687
526,6.512,7.341,2.622
527,6.595,7.317,2.557
528,6.886,7.171,2.405
529,6.515,7.166,2.765
530,6.547,7.118,2.566
531,6.551,7.118,2.426
532,6.512,7.110,2.533
533,6.515,7.115,2.602
534,6.512,7.007,2.593
535,6.570,7.007,2.486
536,6.489,6.993,2.566
537,6.439,6.973,2.599
538,6.518,7.027,2.594
539,6.437,6.949,2.394
540,6.437,7.025,2.504
541,6.437,6.942,2.607
542,6.331,6.980,2.601
543,6.274,6.956,2.710
544,6.273,6.996,2.571
545,6.273,7.024,2.561
546,6.278,6.888,2.553
547,6.289,7.296,2.515
548,6.291,6.880,2.612
549,6.272,6.889,2.641
550,6.319,6.875,2.648
551,6.297,6.875,2.591
552,6.272,6.867,2.524
553,6.258,6.920,2.576
554,6.241,6.923,2.423
555,6.241,6.869,2.541
556,6.244,6.807,2.473
557,6.164,6.594,2.610
558,6.044,6.580,2.439
559,6.044,6.586,2.455
560,6.060,6.574,2.533
561,5.979,6.574,2.511
562,5.984,6.575,2.435
563,5.988,6.704,2.514
564,5.982,6.574,2.802
565,5.961,6.574,2.563
566,5.969,6.577,2.772
567,5.967,6.504,2.416
568,6.147,6.471,2.860
569,5.958,6.473,2.401
570,5.958,6.460,2.530
571,6.014,6.500,2.486
572,5.908,6.391,2.380
573,5.864,6.404,2.633
574,5.770,6.403,2.455
575,5.770,6.390,2.536
576,5.766,6.425,2.390
577,5.767,6.396,2.443
578,5.766,6.389,2.628
579,5.766,6.405,2.397
580,5.779,6.376,2.484
581,5.790,6.299,2.497
582,5.766,6.299,2.464
583,5.778,6.271,2.544
584,5.780,6.256,2.675
585,5.660,6.278,2.567
586,5.671,6.213,2.449
587,5.747,6.213,2.333
588,5.660,6.270,2.621
589,5.675,6.272,2.421
590,5.673,6.213,2.551
591,5.662,6.266,2.516
592,5.657,6.189,2.417
593,5.659,6.216,2.528
594,5.657,6.181,2.618
595,5.656,6.173,2.473
596,5.710,6.147,2.397
597,5.674,6.160,2.712
598,5.657,5.713,2.822
599,5.657,5.746,2.604
600,5.715,5.701,2.621
601,5.582,5.677,2.525
602,5.584,5.778,2.558
603,5.582,5.714,2.571
604,5.589,5.681,2.625
605,5.551,5.761,2.790
606,5.588,5.636,2.677
607,5.573,5.639,2.506
608,5.648,5.679,2.459
609,5.462,5.648,2.353
610,5.469,5.636,2.587
611,5.460,5.637,2.565
612,5.460,5.590,2.454
613,5.462,5.594,2.826
614,5.437,5.607,2.626
615,5.649,5.592,2.764
616,5.426,5.592,2.488
617,5.426,5.694,2.686
618,5.444,5.612,2.639
619,5.426,5.590,2.497
620,5.426,5.589,2.441
621,5.419,5.593,2.430
622,5.488,5.651,2.451
623,5.419,5.579,2.508
624,5.420,5.587,2.457
625,5.418,5.588,2.569
626,5.343,5.608,2.443
627,5.336,5.581,2.536
628,5.286,5.570,2.522
629,5.286,5.591,2.412
630,5.286,5.565,2.354
631,5.329,5.565,2.717
632,5.285,5.567,2.371
633,5.339,6.046,2.596
634,5.295,5.579,2.518
635,5.323,5.564,2.717
636,5.337,5.562,2.388
637,5.285,5.692,2.781
638,5.263,5.567,2.369
639,5.344,5.498,2.504
640,5.263,5.507,2.545
641,5.262,5.496,2.405
642,5.309,5.510,2.551
643,5.253,5.453,2.394
644,5.253,5.452,2.395
645,5.253,5.503,2.319
646,5.270,5.403,2.318
647,5.264,5.401,2.557
648,5.238,5.393,2.714
649,5.163,5.393,2.371
650,5.212,5.421,2.516
651,5.163,5.369,2.521
652,5.156,5.356,2.447
653,5.177,5.356,2.364
654,5.125,5.404,2.568
655,5.151,5.349,2.333
656,5.205,5.382,2.941
657,5.094,5.347,2.631
658,5.098,5.349,2.449
659,5.126,5.304,2.396
660,5.092,5.240,2.693
661,5.090,5.221,2.321
662,5.090,5.199,2.622
663,5.021,5.202,2.312
664,5.021,5.192,2.505
665,4.984,5.280,2.579
666,5.047,5.192,2.657
667,4.985,5.473,2.382
668,5.012,5.168,2.558
669,4.984,5.167,2.264
670,4.984,5.474,2.380
671,4.984,5.164,2.436
672,4.978,5.129,2.479
673,4.979,5.127,2.423
674,5.091,5.094,2.538
675,5.239,5.094,2.216
676,5.038,4.998,2.239
677,4.984,5.004,2.674
678,4.980,4.993,2.416
679,4.996,5.002,2.362
680,4.974,4.993,2.659
681,5.069,4.963,2.300
682,4.976,4.976,2.415
683,4.968,4.705,2.660
684,4.975,4.724,2.338
685,4.953,4.715,3.063
686,4.912,4.717,2.407
687,4.966,4.682,2.597
688,4.930,4.688,2.264
689,4.919,4.685,2.765
690,4.930,4.683,2.280
691,4.911,4.670,2.312
692,4.988,4.666,2.504
693,4.924,4.622,2.570
694,4.909,4.609,2.470
695,4.946,4.613,2.521
696,4.913,4.609,2.592
697,4.930,4.739,2.356
698,4.881,4.610,2.382
699,4.874,4.607,2.420
700,5.316,4.607,2.514
701,4.572,4.597,2.342
702,4.567,4.645,2.446
703,4.615,4.594,2.418
704,4.600,4.584,2.342
705,4.596,4.584,2.479
706,4.559,4.611,2.627
707,4.567,4.584,2.176
708,4.590,4.587,2.299
709,4.600,4.598,2.280
710,4.722,4.586,2.494
711,4.744,4.597,2.438
712,4.560,4.497,2.340
713,4.563,4.495,2.348
714,4.559,4.482,2.417
715,4.558,4.483,2.696
716,4.920,4.500,2.755
717,4.569,4.522,2.278
718,4.579,4.485,2.500
719,4.563,4.482,2.439
720,4.558,4.483,2.518
721,4.534,4.526,2.666
722,4.534,4.506,2.461
723,4.555,4.530,2.357
724,4.532,4.461,2.512
725,4.531,4.451,2.385
726,4.532,4.477,2.646
727,4.533,4.467,2.618
728,4.531,4.490,2.205
729,4.519,4.433,2.595
730,4.520,4.435,2.494
731,4.516,4.433,2.510
732,4.400,4.490,2.191
733,4.384,4.433,2.251
734,4.259,4.441,2.317
735,4.258,4.433,2.405
736,4.268,4.462,2.466
737,4.258,4.430,2.297
738,4.247,4.380,2.338
739,4.258,4.390,2.265
740,4.252,4.377,2.541
741,4.246,4.514,2.567
742,4.242,4.519,2.267
743,4.250,4.359,2.257
744,4.272,4.350,2.306
745,4.239,4.353,2.260
746,4.349,4.313,2.337
747,4.244,4.313,2.250
748,4.276,4.296,2.297
749,4.244,4.544,2.672
750,4.226,4.295,2.293
751,4.230,4.299,2.488
752,4.227,4.297,2.717
753,4.196,4.297,2.349
754,4.196,4.370,2.404
755,4.197,4.207,2.297
756,4.150,4.207,2.238
757,4.148,4.209,2.373
758,4.148,4.218,2.399
759,4.149,4.225,2.170
760,4.148,4.412,2.300
761,4.164,4.207,2.593
762,4.136,4.209,2.101
763,4.138,4.191,2.528
764,4.082,4.226,2.427
765,4.082,4.199,2.435
766,4.108,4.178,2.430
767,4.096,4.182,2.440
768,4.155,4.176,2.412
769,4.082,4.186,2.419
770,4.082,4.176,2.284
771,4.088,4.176,2.315
772,4.043,4.176,2.522
773,4.043,4.176,2.462
774,4.054,4.173,2.267
775,4.057,4.172,2.430
776,4.027,4.172,2.385
777,4.032,4.172,2.412
778,4.065,4.306,2.606
779,4.078,4.098,2.343
780,4.027,4.055,2.539
781,4.019,4.069,2.270
782,4.026,4.153,2.455
783,4.019,4.061,2.590
784,3.996,4.069,2.262
785,4.004,4.069,2.522
786,4.031,4.058,2.616
787,4.018,4.054,2.515
788,4.003,4.054,2.493
789,3.984,4.068,2.325
790,3.985,4.245,2.534
791,3.984,4.042,2.352
792,3.983,4.043,2.650
793,3.975,4.044,2.777
794,3.988,4.022,2.673
795,3.975,4.044,2.265
796,3.975,4.027,2.350
797,3.975,4.051,2.535
798,3.999,4.020,2.432
799,3.987,4.011,2.353
800,3.980,4.014,2.354
801,3.975,3.984,2.281
802,4.024,3.988,2.583
803,3.975,3.978,2.239
804,3.966,3.978,2.456
805,3.972,3.979,2.257
806,4.022,3.978,2.481
807,3.964,3.982,2.516
808,3.974,3.994,2.608
809,3.968,3.974,2.367
810,3.965,3.991,2.229
811,3.992,4.096,2.312
812,3.990,3.971,2.386
813,4.014,3.981,2.183
814,3.964,3.966,2.344
815,3.993,3.955,2.331
816,3.965,3.989,2.380
817,3.969,3.955,2.896
818,3.966,3.961,2.364
819,3.965,3.949,2.200
820,3.964,3.917,2.235
821,3.989,3.907,2.301
822,3.962,3.987,2.127
823,3.976,3.913,2.592
824,3.961,3.908,2.181
825,3.958,3.907,2.211
826,3.976,3.863,2.225
827,4.073,3.863,2.134
828,3.965,3.873,2.533
829,3.957,3.861,2.389
830,3.957,3.884,2.192
831,3.984,3.946,2.263
832,3.991,3.849,2.411
833,3.958,3.847,2.505
834,3.960,4.082,2.268
835,3.968,3.835,2.144
836,3.962,3.835,2.769
837,3.961,3.839,2.147
838,3.960,3.835,2.190
839,3.960,3.835,2.137
840,3.958,3.719,2.438
841,3.980,3.890,2.567
842,3.957,3.717,2.180
843,3.893,3.716,2.455
844,3.891,3.717,2.474
845,3.907,3.710,2.356
846,3.891,3.691,2.297
847,3.910,3.745,2.233
848,3.885,3.686,2.356
849,3.873,3.686,2.357
850,3.848,3.822,2.212
851,3.858,3.660,2.311
852,3.855,3.661,2.363
853,3.891,3.660,2.131
854,3.850,3.650,2.297
855,3.831,3.651,2.228
856,3.829,3.620,2.063
857,3.742,3.619,2.302
858,3.742,3.624,2.126
859,3.776,3.564,2.347
860,3.742,3.565,2.107
861,3.745,3.576,2.300
862,3.742,3.564,2.150
863,3.741,3.563,2.217
864,3.676,3.560,2.196
865,3.677,3.532,2.102
866,3.686,3.592,2.197
867,3.676,3.599,2.120
868,3.749,3.522,2.092
869,3.682,3.463,2.121
870,3.671,3.485,2.136
871,3.694,3.461,2.324
872,3.696,3.460,2.303
873,3.684,3.509,2.233
874,3.672,3.471,2.240
875,3.673,3.452,2.154
876,3.697,3.439,2.177
877,3.671,3.439,2.366
878,3.591,3.458,2.195
879,3.591,3.439,2.123
880,3.588,3.436,2.075
881,3.584,3.428,2.212
882,3.662,3.428,2.160
883,3.572,3.405,2.063
884,3.572,3.430,2.205
885,3.582,3.383,2.162
886,3.649,3.384,2.045
887,3.572,3.383,2.156
888,3.572,3.383,2.170
889,3.572,3.441,2.125
890,3.570,3.359,2.412
891,3.553,3.366,2.210
892,3.553,3.356,2.432
893,3.558,3.344,2.520
894,3.553,3.367,2.258
895,3.575,3.344,2.118
896,3.553,3.347,2.182
897,3.558,3.345,2.318
898,3.552,3.325,2.536
899,3.553,3.325,2.463
900,3.584,3.298,2.240
901,3.557,3.289,2.409
902,3.577,3.288,2.191
903,3.551,3.287,2.060
904,3.551,3.287,2.435
905,3.711,3.300,2.006
906,3.583,3.290,2.161
907,3.556,3.277,2.200
908,3.559,3.343,2.371
909,3.641,3.259,2.136
910,3.551,3.331,2.183
911,3.551,3.255,2.102
912,3.559,3.284,2.225
913,3.627,3.252,2.181
914,3.551,3.276,2.291
915,3.578,3.266,2.174
916,3.518,3.349,2.097
917,3.517,3.260,2.035
918,3.564,3.227,2.052
919,3.518,3.279,2.115
920,3.517,3.240,2.172
921,3.517,3.250,2.161
922,3.519,3.234,2.146
923,3.527,3.198,2.124
924,3.517,3.167,2.026
925,3.517,3.184,2.768
926,3.523,3.167,2.026
927,3.530,3.153,2.197
928,3.516,3.152,2.068
929,3.504,3.152,2.199
930,3.495,3.151,1.987
931,3.511,3.148,2.115
932,3.497,3.149,2.208
933,3.459,3.170,2.020
934,3.442,3.141,2.304
935,3.418,3.158,2.187
936,3.386,3.149,2.127
937,3.386,3.172,2.285
938,3.389,3.171,2.130
939,3.388,3.114,2.083
940,3.424,3.140,2.001
941,3.349,3.117,2.041
942,3.324,3.116,2.244
943,3.355,3.110,2.202
944,3.324,3.211,2.157
945,3.323,3.094,2.462
946,3.376,3.102,2.135
947,3.326,3.094,2.343
948,3.317,3.097,2.006
949,3.318,3.094,2.109
950,3.318,3.094,2.120
951,3.317,3.088,2.199
952,3.319,3.131,1.979
953,3.309,3.098,2.074
954,3.335,3.087,2.101
955,3.311,3.253,2.136
956,3.264,3.033,2.035
957,3.312,3.037,2.275
958,3.264,3.039,2.085
959,3.264,3.014,2.186
960,3.327,3.009,2.311
961,3.290,3.031,2.166
962,3.264,3.017,2.178
963,3.270,3.009,2.234
964,3.264,3.007,2.228
965,3.264,3.059,2.161
966,3.264,3.038,2.295
967,3.229,3.092,2.201
968,3.229,3.010,2.103
969,3.230,3.007,2.144
970,3.229,3.016,2.116
971,3.232,3.012,2.406
972,3.244,2.967,2.307
973,3.291,2.983,2.283
974,3.229,2.965,2.101
975,3.230,2.966,2.059
976,3.228,2.988,2.158
977,3.231,2.909,2.084
978,3.224,2.966,2.016
979,3.224,2.912,2.140
980,3.226,2.909,2.117
981,3.224,2.914,2.274
982,3.224,2.922,2.117
983,3.224,2.933,2.187
984,3.225,2.909,2.322
985,3.174,3.151,2.230
986,3.174,2.901,2.055
987,3.174,3.001,2.561
988,3.174,2.902,2.100
989,3.175,2.901,2.028
990,3.178,2.900,2.261
991,3.197,2.900,2.077
992,3.203,2.960,2.193
993,3.174,2.900,2.093
994,3.176,2.882,2.196
995,3.177,2.906,2.223
996,3.179,2.955,2.165
997,3.172,2.899,2.152
998,3.172,2.920,2.045
999,3.175,2.890,2.067
