Iteration,RHC,SA,GA
0,73.154,77.737,45.952
1,72.231,77.684,43.678
2,72.671,76.228,60.159
3,72.264,76.237,28.950
4,72.232,76.232,17.199
5,73.002,75.346,26.106
6,72.281,75.967,19.316
7,71.073,76.376,13.230
8,71.105,76.137,24.904
9,70.971,76.062,25.048
10,69.381,73.964,17.555
11,69.408,73.494,9.234
12,67.831,73.580,8.077
13,67.467,72.777,12.242
14,67.745,72.069,9.482
15,67.563,70.614,9.079
16,66.602,72.598,11.181
17,66.158,72.613,7.340
18,66.578,72.758,9.160
19,67.028,74.081,7.029
20,66.977,74.588,8.262
21,65.840,74.680,14.428
22,66.916,74.612,14.590
23,64.586,74.183,13.243
24,64.574,74.194,12.997
25,64.887,75.629,14.912
26,64.568,75.415,8.969
27,64.531,74.199,5.960
28,65.144,74.143,9.511
29,64.075,74.173,7.246
30,64.438,74.034,6.976
31,63.888,73.799,8.818
32,64.776,73.814,8.709
33,63.872,74.384,9.431
34,64.545,72.389,8.844
35,65.515,73.171,7.661
36,63.292,69.567,9.522
37,63.325,68.170,7.585
38,63.315,68.144,7.221
39,63.083,68.227,5.441
40,63.083,68.743,7.058
41,63.101,69.412,6.215
42,63.186,70.569,9.025
43,61.072,71.221,5.030
44,60.742,71.296,6.313
45,61.238,71.910,7.598
46,60.737,72.680,4.495
47,60.986,72.004,6.301
48,60.739,72.219,7.853
49,61.322,71.668,5.401
50,58.984,71.824,7.746
51,58.981,74.710,6.734
52,58.677,71.758,7.557
53,58.422,71.618,4.754
54,58.442,73.775,5.455
55,58.473,71.659,6.933
56,58.559,71.155,6.806
57,59.228,71.118,4.407
58,58.449,71.080,7.161
59,66.161,70.323,5.883
60,58.779,69.934,5.746
61,58.120,69.924,4.531
62,57.881,70.464,3.896
63,57.179,69.678,4.645
64,57.529,69.670,4.176
65,57.127,69.363,4.713
66,57.628,69.068,7.331
67,57.321,71.711,5.244
68,57.122,69.320,5.227
69,57.178,68.301,4.553
70,57.186,68.301,3.816
71,57.585,69.667,6.445
72,57.657,68.902,3.662
73,56.907,69.487,5.340
74,56.707,68.323,4.645
75,56.528,69.217,4.738
76,58.314,67.680,4.087
77,56.658,67.762,6.023
78,55.730,67.723,4.583
79,54.882,67.650,4.074
80,54.849,67.038,4.332
81,54.482,66.774,5.585
82,55.168,66.899,4.515
83,54.529,66.794,4.542
84,54.469,65.991,4.171
85,54.244,65.743,5.176
86,54.250,65.739,4.235
87,55.195,66.051,4.198
88,54.233,65.673,5.030
89,54.312,66.383,5.942
90,53.779,65.673,4.650
91,54.231,65.604,5.482
92,53.113,65.571,6.602
93,53.532,65.608,4.146
94,53.001,65.163,3.898
95,53.209,65.125,3.921
96,53.521,64.926,3.894
97,52.985,65.246,4.509
98,52.828,64.917,4.020
99,50.890,68.071,4.454
100,50.730,64.549,4.292
101,49.213,65.435,4.344
102,48.436,63.835,5.250
103,48.391,66.489,4.132
104,47.614,63.997,4.778
105,50.305,64.209,4.853
106,47.699,63.103,4.170
107,47.343,63.108,4.795
108,47.902,63.355,4.046
109,47.302,63.124,4.863
110,47.609,63.083,4.084
111,47.590,63.182,4.852
112,47.462,63.113,3.962
113,47.266,62.580,3.668
114,47.257,63.123,4.446
115,47.246,62.441,5.021
116,46.937,62.491,4.135
117,47.254,63.457,4.270
118,45.399,62.437,5.097
119,45.339,62.379,3.423
120,45.273,62.171,4.062
121,45.134,61.542,4.725
122,45.159,61.542,3.598
123,44.676,63.588,4.216
124,44.783,62.049,4.414
125,44.793,61.694,4.162
126,44.574,61.233,3.791
127,44.090,59.525,4.389
128,44.226,59.407,3.367
129,44.871,59.983,3.941
130,45.100,59.407,3.478
131,42.389,59.411,3.692
132,42.896,59.524,3.318
133,43.007,59.511,3.996
134,43.782,59.572,3.286
135,42.362,58.927,3.875
136,42.407,59.042,3.558
137,42.375,58.943,4.142
138,42.414,59.014,3.809
139,40.622,59.123,3.378
140,39.359,59.158,3.890
141,39.473,59.910,3.382
142,39.597,59.401,4.325
143,39.149,59.540,3.539
144,38.263,58.851,3.881
145,38.205,56.981,3.732
146,38.201,57.173,3.877
147,38.248,56.486,3.978
148,38.312,56.530,3.319
149,33.473,56.484,3.185
150,35.908,57.022,3.216
151,32.570,56.478,4.611
152,32.902,56.078,3.207
153,33.011,56.179,4.283
154,30.786,56.100,3.498
155,30.778,56.078,3.408
156,31.038,56.129,4.190
157,30.726,56.052,3.217
158,30.046,56.313,3.014
159,29.932,55.986,3.480
160,29.834,56.081,3.366
161,29.707,53.550,3.510
162,29.533,53.880,3.095
163,29.802,54.076,3.072
164,29.147,53.469,2.943
165,29.072,54.061,3.063
166,29.014,55.443,3.327
167,28.004,53.469,2.630
168,27.937,53.494,3.730
169,27.993,53.058,3.846
170,27.905,53.248,3.356
171,28.256,52.658,2.708
172,27.899,52.479,3.687
173,27.338,52.479,3.763
174,26.836,51.419,3.471
175,26.990,52.019,3.527
176,26.345,51.847,4.548
177,26.537,51.419,3.137
178,26.349,51.448,3.040
179,27.499,49.811,3.368
180,25.002,49.461,3.739
181,24.913,49.620,2.923
182,25.166,49.341,3.055
183,25.031,49.388,3.029
184,24.752,49.333,3.320
185,24.135,50.481,2.816
186,24.127,51.097,3.481
187,24.503,49.421,2.899
188,24.402,49.264,2.891
189,24.268,49.315,3.201
190,24.166,48.705,3.427
191,24.333,48.811,3.260
192,24.375,48.672,2.981
193,23.793,48.432,2.861
194,23.599,48.579,3.227
195,23.837,48.468,2.856
196,23.618,48.979,3.119
197,23.660,48.383,2.931
198,23.575,48.707,2.757
199,23.496,47.530,2.743
200,23.341,49.410,2.919
201,23.761,48.094,2.687
202,23.341,47.410,3.389
203,23.395,47.410,2.992
204,23.275,47.634,3.366
205,23.490,47.338,3.098
206,23.577,47.791,3.059
207,23.328,47.043,3.097
208,23.300,46.759,3.296
209,23.279,47.427,2.579
210,23.104,42.409,2.815
211,23.470,42.450,2.946
212,23.191,42.328,2.799
213,22.627,42.486,3.036
214,22.542,42.447,2.985
215,22.962,42.341,4.214
216,22.462,42.248,2.978
217,22.706,42.365,2.883
218,22.496,42.419,2.756
219,22.462,42.653,3.658
220,22.639,42.267,2.830
221,21.709,41.747,2.858
222,21.686,41.925,2.950
223,21.580,41.822,2.960
224,21.491,40.681,2.810
225,21.483,40.628,3.384
226,21.560,40.577,2.966
227,22.045,40.945,2.942
228,21.700,39.675,2.941
229,21.482,40.442,2.695
230,21.705,39.696,3.180
231,21.582,39.857,2.483
232,21.552,39.544,2.643
233,21.433,41.159,2.795
234,21.431,38.865,2.523
235,21.573,38.923,2.609
236,21.166,39.009,3.084
237,21.166,38.881,2.696
238,21.950,40.523,2.937
239,21.926,38.883,3.156
240,20.817,38.876,3.078
241,20.796,38.868,2.986
242,20.836,39.125,2.889
243,20.698,38.935,2.924
244,20.199,38.301,3.170
245,20.088,38.411,2.739
246,19.851,37.732,2.682
247,19.550,37.709,2.589
248,19.535,37.710,2.928
249,18.723,37.790,2.583
250,18.744,37.632,2.913
251,19.938,37.640,2.367
252,18.849,37.632,2.959
253,19.069,37.664,2.792
254,18.825,37.644,2.793
255,18.701,36.799,3.383
256,18.185,36.819,2.941
257,18.051,36.991,3.482
258,18.048,36.901,2.600
259,18.765,36.396,2.898
260,17.805,36.577,2.652
261,17.750,35.824,2.953
262,17.757,35.331,2.351
263,17.871,35.355,2.871
264,17.751,35.410,2.797
265,17.732,35.468,2.710
266,17.693,35.693,2.662
267,17.882,35.229,2.698
268,17.671,35.241,3.463
269,17.375,35.277,2.641
270,17.505,35.178,3.181
271,17.239,35.725,2.594
272,17.207,35.058,2.953
273,17.208,35.063,2.992
274,17.477,34.541,2.887
275,17.185,34.541,2.758
276,16.974,34.782,2.474
277,17.122,34.648,2.740
278,17.067,34.537,2.748
279,16.816,34.528,2.744
280,16.740,34.523,2.694
281,16.632,34.564,2.717
282,16.161,34.775,2.998
283,16.567,35.539,2.497
284,16.186,34.853,2.705
285,16.138,34.424,2.647
286,15.875,35.176,2.421
287,15.892,34.407,2.733
288,16.039,34.438,2.490
289,15.940,34.418,2.603
290,15.881,34.288,2.617
291,16.481,34.814,3.168
292,16.460,32.068,2.636
293,15.312,32.088,2.675
294,15.267,30.757,2.548
295,15.284,30.862,2.703
296,15.262,30.614,2.359
297,15.262,30.706,2.695
298,15.298,30.678,2.560
299,15.308,30.669,2.515
300,15.023,30.537,2.624
301,15.045,30.331,2.620
302,15.023,30.318,2.383
303,15.047,31.216,2.574
304,14.919,29.685,2.769
305,14.942,29.568,2.702
306,14.913,29.952,2.500
307,15.090,29.576,2.407
308,14.958,29.639,2.750
309,15.627,29.360,2.590
310,14.913,29.343,2.498
311,14.912,29.290,2.365
312,15.257,29.476,2.509
313,15.160,29.264,2.692
314,15.131,29.176,2.102
315,14.912,29.258,2.373
316,14.881,29.658,2.594
317,14.571,29.150,2.409
318,14.574,29.056,2.465
319,14.478,29.068,2.421
320,14.725,29.121,2.499
321,14.846,29.414,2.485
322,14.589,28.976,2.622
323,14.464,29.111,2.399
324,14.354,29.073,2.638
325,12.953,29.071,2.512
326,13.135,28.983,2.315
327,12.964,28.981,2.445
328,12.778,30.097,2.562
329,12.586,28.926,2.310
330,12.627,29.236,2.366
331,12.630,28.877,2.415
332,12.579,28.100,2.480
333,12.573,27.942,2.413
334,12.919,27.802,2.506
335,12.901,27.790,2.694
336,12.553,28.299,2.605
337,12.645,27.591,2.319
338,12.615,27.583,2.468
339,12.553,27.639,2.639
340,12.692,27.573,2.434
341,12.602,28.344,2.453
342,12.533,27.409,2.372
343,12.566,27.548,2.692
344,12.530,27.315,2.469
345,12.956,27.343,2.500
346,12.531,27.345,2.216
347,12.518,27.475,2.407
348,12.517,27.227,2.259
349,12.518,26.567,2.484
350,12.311,26.749,2.361
351,12.390,26.450,2.430
352,12.301,26.234,2.592
353,12.319,26.277,2.389
354,11.993,26.387,2.300
355,12.430,26.356,2.388
356,11.980,26.476,2.312
357,12.270,25.774,2.271
358,12.035,25.469,2.227
359,11.954,25.470,2.332
360,11.833,25.455,2.441
361,11.955,25.976,2.211
362,11.847,25.593,2.338
363,11.926,25.447,2.474
364,12.276,25.216,2.266
365,11.567,24.830,2.168
366,11.577,24.565,2.222
367,11.828,24.684,2.103
368,11.598,24.619,2.175
369,11.601,24.548,2.263
370,11.563,24.552,2.455
371,11.579,24.562,2.139
372,11.566,26.579,2.501
373,11.511,24.773,2.258
374,12.000,24.153,2.369
375,11.514,24.093,2.260
376,11.520,23.780,2.322
377,11.511,23.641,2.090
378,11.473,23.691,2.130
379,11.570,23.551,2.217
380,11.313,23.569,2.281
381,11.322,23.551,2.258
382,11.323,23.535,2.178
383,11.223,23.422,2.459
384,11.314,23.437,2.275
385,11.223,22.763,2.232
386,11.695,22.940,2.405
387,11.233,22.666,2.058
388,11.216,22.728,2.010
389,11.216,22.657,2.378
390,11.257,22.629,2.294
391,11.161,22.593,2.239
392,11.264,22.844,2.099
393,11.156,22.478,2.117
394,11.156,22.515,2.160
395,11.158,22.490,2.248
396,11.535,22.680,2.246
397,11.201,22.699,2.408
398,11.139,22.309,2.357
399,11.138,22.311,2.029
400,11.210,22.297,1.961
401,11.134,22.507,2.316
402,11.281,22.113,2.276
403,11.168,22.265,2.146
404,11.151,22.160,2.181
405,11.262,22.095,2.836
406,11.201,22.199,2.012
407,10.888,22.036,2.125
408,10.904,21.409,2.279
409,10.893,21.397,2.151
410,10.918,20.770,2.077
411,10.540,20.724,2.258
412,10.470,19.195,2.295
413,10.623,19.225,2.195
414,10.446,19.134,2.207
415,10.446,19.029,2.118
416,10.330,19.064,2.313
417,10.237,19.115,2.544
418,10.243,19.127,2.290
419,10.209,19.107,2.482
420,10.196,19.101,2.110
421,10.196,18.995,2.184
422,10.176,18.957,2.172
423,10.091,18.902,2.088
424,10.077,18.900,2.276
425,10.090,18.863,2.164
426,10.048,18.749,2.076
427,10.054,18.674,2.158
428,10.048,18.637,2.358
429,10.059,18.625,2.249
430,10.042,18.702,2.113
431,9.984,18.517,2.022
432,10.003,18.528,2.082
433,10.003,19.034,2.006
434,10.061,18.561,2.059
435,10.233,18.458,1.992
436,9.986,18.467,2.213
437,10.102,18.504,2.072
438,9.919,18.465,2.240
439,9.762,18.415,2.191
440,9.764,18.613,2.074
441,9.898,18.419,2.077
442,9.742,18.372,2.272
443,9.749,18.351,2.251
444,9.707,18.562,2.350
445,9.664,18.480,2.227
446,9.779,18.350,2.274
447,9.669,18.545,2.196
448,9.687,18.355,2.169
449,9.692,18.370,2.214
450,9.665,18.288,2.089
451,9.714,18.464,2.242
452,9.673,18.970,2.399
453,9.630,18.135,2.147
454,9.702,18.199,2.237
455,9.629,18.363,2.180
456,9.627,18.145,2.235
457,9.626,18.166,2.310
458,9.841,18.137,2.126
459,9.599,18.032,2.300
460,9.599,17.665,2.114
461,9.602,16.857,2.194
462,9.628,16.916,2.262
463,9.497,16.713,2.516
464,9.720,16.855,2.219
465,9.554,16.741,2.120
466,9.505,16.732,2.140
467,9.508,17.308,2.161
468,9.495,16.705,2.395
469,9.515,16.728,2.001
470,9.343,16.680,2.168
471,9.333,16.493,2.145
472,9.391,16.485,2.114
473,9.281,16.519,2.124
474,9.475,15.962,2.102
475,9.289,15.753,2.292
476,9.264,15.789,2.351
477,9.319,14.701,2.208
478,9.250,14.639,2.351
479,9.154,14.410,2.116
480,9.154,14.708,2.045
481,9.114,15.121,2.002
482,9.122,14.548,2.089
483,9.109,14.395,2.177
484,9.115,14.211,2.106
485,9.006,14.306,2.161
486,9.041,13.652,2.112
487,10.556,13.626,2.088
488,9.138,14.024,2.239
489,8.989,13.585,2.057
490,8.967,13.574,2.196
491,8.962,13.637,2.147
492,8.973,13.636,2.142
493,8.963,13.941,2.091
494,8.905,13.501,2.117
495,8.869,13.163,2.220
496,8.831,13.101,1.961
497,8.826,13.101,1.981
498,8.825,12.958,2.117
499,8.882,12.958,2.048
500,8.821,12.953,2.131
501,8.914,12.968,2.089
502,8.821,12.956,2.060
503,8.673,12.874,2.014
504,8.579,12.806,2.149
505,8.540,12.868,1.950
506,8.490,12.805,2.084
507,8.486,12.796,1.953
508,8.508,13.077,2.175
509,8.611,12.829,2.360
510,8.776,12.766,2.191
511,8.475,12.887,2.061
512,8.505,12.766,2.150
513,8.506,12.655,2.041
514,8.472,12.652,2.003
515,8.477,12.791,2.067
516,8.525,12.649,1.984
517,8.455,12.630,2.268
518,8.466,12.704,2.095
519,8.439,12.340,2.082
520,8.440,12.333,2.060
521,8.584,12.319,2.040
522,8.551,12.169,2.022
523,8.409,12.169,2.060
524,8.454,12.204,2.226
525,8.405,12.058,2.059
526,8.478,11.861,2.197
527,8.429,11.942,2.110
528,8.380,11.893,2.186
529,8.379,11.859,1.979
530,8.381,11.512,1.993
531,8.373,11.493,1.967
532,8.368,11.271,1.998
533,8.368,11.271,1.851
534,8.362,11.269,1.907
535,8.353,11.366,1.963
536,8.242,11.543,2.013
537,8.247,11.283,1.982
538,8.248,11.108,2.198
539,8.261,11.101,2.064
540,8.205,10.940,2.021
541,8.214,10.961,2.100
542,8.173,10.940,1.955
543,8.128,10.892,2.075
544,8.256,10.999,1.997
545,8.134,10.772,2.047
546,8.125,10.773,2.039
547,8.110,10.779,1.935
548,8.104,10.807,1.887
549,8.031,10.641,2.122
550,8.001,10.640,1.971
551,8.018,10.333,2.113
552,8.000,10.328,1.963
553,8.124,10.284,1.892
554,7.995,10.283,1.981
555,8.063,10.304,2.012
556,8.012,10.262,2.033
557,7.999,10.229,2.005
558,8.000,11.823,1.954
559,7.978,10.229,1.966
560,7.916,10.218,1.984
561,7.918,10.213,1.947
562,7.865,10.298,1.967
563,8.123,10.112,1.927
564,7.865,10.001,1.914
565,7.882,9.943,1.964
566,7.927,9.947,2.050
567,7.923,9.897,2.045
568,7.859,9.892,1.973
569,7.888,9.877,1.977
570,7.781,9.877,1.949
571,7.782,9.895,1.918
572,7.751,9.860,2.165
573,7.918,9.854,2.005
574,7.746,9.705,1.912
575,7.806,9.705,1.943
576,7.753,9.701,1.953
577,7.760,9.690,1.901
578,7.809,9.714,1.934
579,7.796,9.763,2.089
580,7.697,9.879,1.882
581,7.623,9.669,2.046
582,7.612,9.609,1.973
583,7.634,9.643,2.033
584,7.638,9.587,1.910
585,7.613,9.594,1.986
586,7.594,9.591,2.101
587,7.597,9.575,1.876
588,7.532,9.562,1.967
589,7.531,9.561,1.961
590,7.527,9.590,2.049
591,7.548,9.533,1.950
592,7.525,9.476,1.986
593,7.570,9.371,1.889
594,7.523,9.389,2.045
595,7.618,9.749,1.896
596,7.525,9.372,1.901
597,7.519,9.304,1.877
598,7.628,9.315,1.876
599,7.479,9.143,1.899
600,7.788,9.120,2.022
601,7.514,9.217,1.992
602,7.389,9.114,1.858
603,7.423,9.116,1.959
604,7.422,9.114,1.932
605,7.424,9.210,1.924
606,7.392,9.111,1.893
607,7.441,9.151,1.873
608,7.573,9.116,1.848
609,7.438,9.122,1.861
610,7.383,9.162,2.018
611,7.349,9.113,2.025
612,7.330,8.947,1.933
613,7.330,8.962,1.971
614,7.284,8.713,1.883
615,7.282,8.710,1.835
616,7.405,8.713,1.967
617,7.309,8.701,1.910
618,7.304,8.784,1.985
619,7.295,8.705,1.918
620,7.286,8.758,1.980
621,7.282,8.714,1.954
622,7.258,8.701,1.905
623,7.205,8.792,1.905
624,6.948,8.701,1.846
625,6.996,8.657,1.923
626,6.952,8.715,1.894
627,6.947,8.687,2.075
628,6.949,8.697,1.951
629,7.075,8.666,1.809
630,6.927,8.697,2.095
631,6.966,8.651,1.873
632,6.993,8.651,1.951
633,6.922,8.693,1.860
634,6.939,8.668,1.915
635,6.902,8.601,1.987
636,6.902,8.608,1.996
637,6.816,8.574,1.864
638,6.988,7.925,1.908
639,6.736,7.933,1.936
640,6.735,7.924,2.135
641,6.613,7.991,1.880
642,6.602,7.922,1.880
643,6.595,7.899,1.925
644,6.593,7.842,1.988
645,6.583,7.852,1.860
646,6.554,7.820,1.868
647,6.429,7.837,1.892
648,6.415,7.829,2.076
649,6.421,7.738,1.967
650,6.418,7.720,1.883
651,6.481,7.716,2.027
652,6.412,7.812,1.937
653,6.411,7.698,1.885
654,6.455,7.652,1.930
655,6.454,7.649,1.955
656,6.464,7.671,1.964
657,6.403,7.647,1.910
658,6.403,7.645,1.900
659,6.403,7.644,1.854
660,6.408,7.686,1.937
661,6.356,7.628,1.955
662,6.356,7.825,1.965
663,6.356,7.614,1.793
664,6.342,7.615,1.828
665,6.350,7.600,2.037
666,6.329,7.663,1.884
667,6.328,7.682,1.887
668,6.546,7.590,1.971
669,6.331,7.646,1.831
670,6.302,7.541,1.915
671,6.441,7.497,1.838
672,6.303,7.497,1.789
673,6.282,7.517,1.897
674,6.290,7.557,1.940
675,6.283,7.261,1.898
676,6.286,7.244,1.897
677,6.307,7.208,1.816
678,6.282,7.199,1.911
679,6.199,7.163,1.801
680,6.256,7.156,1.813
681,6.220,7.168,1.948
682,6.195,7.162,1.949
683,6.200,7.154,1.894
684,6.274,7.166,1.866
685,6.241,7.166,1.907
686,6.208,7.082,1.874
687,6.238,7.123,1.840
688,6.197,7.105,1.914
689,6.190,7.095,1.929
690,6.198,7.083,1.828
691,6.245,7.165,1.884
692,6.192,7.061,1.886
693,6.202,6.963,1.842
694,6.190,6.963,1.828
695,6.203,6.943,1.851
696,6.221,6.934,2.122
697,6.192,6.943,1.803
698,6.201,6.928,1.912
699,6.185,6.971,1.861
700,6.182,6.907,1.881
701,6.222,6.902,1.858
702,6.192,6.902,1.877
703,6.205,6.913,1.845
704,6.208,6.902,1.859
705,6.195,6.890,1.838
706,6.202,6.884,1.804
707,6.186,6.841,1.851
708,6.277,6.849,1.909
709,6.254,6.871,1.883
710,6.181,6.838,1.849
711,6.197,6.849,1.810
712,6.186,6.833,1.973
713,6.155,6.830,1.971
714,6.091,6.796,1.794
715,6.091,6.811,1.858
716,6.107,6.759,1.849
717,6.095,6.793,1.915
718,6.077,6.767,1.889
719,6.079,6.650,1.805
720,6.162,6.525,1.825
721,6.078,6.550,1.898
722,6.077,6.579,1.839
723,6.075,6.478,1.816
724,6.083,6.460,1.863
725,6.075,6.463,1.886
726,6.064,6.519,1.804
727,6.058,6.479,1.843
728,6.298,6.450,1.854
729,6.032,6.366,1.958
730,6.025,6.419,1.834
731,6.058,6.368,1.827
732,6.038,6.364,1.812
733,6.025,6.375,1.881
734,6.026,6.341,1.884
735,6.039,6.356,1.822
736,5.634,6.335,1.887
737,5.608,6.337,1.877
738,5.609,6.227,1.877
739,5.607,6.094,1.811
740,5.607,6.098,1.816
741,5.607,6.084,1.781
742,5.607,6.078,1.836
743,5.606,6.106,1.828
744,5.614,6.078,1.803
745,5.615,6.119,1.839
746,5.603,6.078,1.819
747,5.603,6.066,1.852
748,5.736,6.214,1.829
749,5.606,6.067,1.832
750,5.636,6.060,1.812
751,5.621,6.031,1.781
752,5.569,6.018,1.826
753,5.472,6.036,1.838
754,5.474,6.031,1.825
755,5.476,5.974,1.944
756,5.557,6.024,1.884
757,5.463,5.975,1.865
758,5.459,5.972,1.873
759,5.570,5.979,1.892
760,5.455,5.965,1.860
761,5.473,5.975,1.838
762,5.370,6.281,1.880
763,5.365,6.036,1.821
764,5.477,5.986,1.877
765,5.375,5.934,1.865
766,5.365,5.964,1.820
767,5.345,5.920,1.854
768,5.347,5.905,1.795
769,5.346,5.908,1.810
770,5.357,5.897,1.943
771,5.809,5.907,1.794
772,5.376,5.911,1.930
773,5.333,5.893,1.931
774,5.321,5.938,1.893
775,5.322,5.952,1.805
776,5.272,5.872,1.761
777,5.270,5.907,1.785
778,5.268,5.871,1.854
779,5.198,5.905,1.764
780,5.207,5.867,1.871
781,5.186,5.870,1.799
782,5.176,5.920,1.887
783,5.113,5.836,1.790
784,5.069,5.837,1.912
785,5.154,5.904,1.890
786,5.102,5.834,1.989
787,5.157,5.813,1.802
788,5.052,5.819,1.806
789,5.056,5.810,1.821
790,5.057,5.813,1.840
791,5.102,5.829,1.888
792,5.040,5.883,1.864
793,5.038,5.811,1.847
794,5.042,5.893,1.902
795,5.147,5.791,1.791
796,5.045,5.796,1.848
797,5.058,5.810,1.831
798,5.065,5.809,1.852
799,5.049,5.804,1.837
800,5.071,5.865,1.799
801,5.034,5.878,1.920
802,4.989,5.791,1.781
803,4.990,5.784,1.875
804,4.990,5.785,1.906
805,4.990,5.783,1.860
806,5.007,5.781,1.886
807,4.959,5.755,1.858
808,5.003,5.782,1.829
809,4.973,5.797,1.848
810,4.962,5.776,1.835
811,5.011,5.755,1.802
812,4.957,5.754,1.800
813,4.961,5.779,1.895
814,4.916,5.756,1.858
815,4.842,6.021,1.749
816,4.929,5.732,1.819
817,4.842,5.735,1.813
818,4.913,5.735,1.862
819,4.842,5.831,1.859
820,4.813,5.741,1.794
821,4.844,5.759,1.741
822,4.817,5.737,1.804
823,4.758,5.768,1.825
824,4.718,5.721,1.844
825,4.717,5.720,1.770
826,4.710,5.722,1.832
827,4.694,5.810,1.817
828,4.690,5.660,1.835
829,4.643,5.666,1.823
830,4.600,5.661,1.821
831,4.602,5.661,1.773
832,4.587,5.655,1.798
833,4.593,5.650,1.776
834,4.588,5.650,1.932
835,4.584,5.631,1.786
836,4.583,5.631,1.834
837,4.582,5.615,1.814
838,4.571,5.609,1.791
839,4.629,5.592,2.010
840,4.604,5.588,1.976
841,4.573,5.577,1.833
842,4.535,5.523,1.793
843,4.547,5.508,1.876
844,4.540,5.502,1.856
845,4.539,5.501,1.851
846,4.541,5.593,1.836
847,4.535,5.504,1.832
848,4.528,5.503,1.818
849,4.663,5.501,1.787
850,4.505,5.498,1.817
851,4.528,5.401,1.802
852,4.505,5.401,1.833
853,4.504,5.385,1.840
854,4.509,5.369,1.811
855,4.504,5.369,1.758
856,4.538,5.365,1.862
857,4.510,5.363,1.818
858,4.499,5.341,1.821
859,4.504,5.354,1.807
860,4.500,5.347,1.823
861,4.492,5.362,1.791
862,4.489,5.424,1.852
863,4.489,5.339,1.774
864,4.493,5.324,1.762
865,4.474,5.268,1.763
866,4.463,5.271,1.808
867,4.448,5.256,1.810
868,4.498,5.281,1.836
869,4.452,5.268,1.872
870,4.476,5.184,1.749
871,4.427,5.174,1.880
872,4.427,5.169,1.847
873,4.427,5.196,1.767
874,4.424,5.175,1.802
875,4.429,5.167,1.758
876,4.621,5.157,1.779
877,4.424,5.158,1.848
878,4.424,5.168,1.746
879,4.505,5.167,1.882
880,4.385,5.156,1.759
881,4.385,5.149,1.791
882,4.381,5.135,1.838
883,4.399,5.148,1.701
884,4.332,5.149,1.788
885,4.317,5.138,1.763
886,4.315,5.131,1.760
887,4.316,5.081,1.762
888,4.254,5.072,1.763
889,4.255,5.099,1.814
890,4.236,5.053,1.737
891,4.221,5.093,1.786
892,4.149,5.087,1.763
893,4.148,5.003,1.753
894,4.156,5.008,1.750
895,4.148,5.010,1.719
896,4.166,5.006,1.859
897,4.148,5.003,1.784
898,4.145,5.012,1.740
899,4.146,4.964,1.760
900,4.146,4.958,1.786
901,4.143,4.961,1.717
902,4.187,4.970,1.747
903,4.151,4.966,1.800
904,4.149,4.962,1.756
905,4.132,4.958,1.758
906,4.121,4.953,1.794
907,4.135,4.959,1.803
908,4.121,4.944,1.847
909,4.121,4.953,1.837
910,4.117,4.944,1.746
911,4.117,4.940,1.693
912,4.114,4.948,1.879
913,4.118,5.023,1.781
914,4.114,4.940,1.828
915,4.108,4.927,1.699
916,4.112,4.926,1.803
917,4.112,4.902,1.720
918,4.099,4.805,1.788
919,4.099,4.810,1.785
920,4.105,4.776,1.744
921,4.115,4.753,1.701
922,4.102,4.745,1.752
923,4.075,4.745,1.737
924,4.063,4.810,1.737
925,4.068,4.743,1.672
926,4.073,4.744,1.815
927,4.060,4.748,1.696
928,4.043,4.735,1.758
929,4.067,4.737,1.658
930,4.050,4.740,1.788
931,4.039,4.733,1.739
932,4.034,4.736,1.834
933,4.035,4.710,1.772
934,4.033,4.701,1.715
935,4.039,4.697,1.765
936,4.032,4.688,1.846
937,4.046,4.741,1.790
938,4.007,4.688,1.758
939,4.008,4.695,1.814
940,4.010,4.715,1.746
941,4.010,4.664,1.675
942,4.004,4.664,1.747
943,3.993,4.705,1.733
944,3.990,4.670,1.791
945,3.994,4.668,1.741
946,4.012,4.696,1.692
947,3.991,4.673,1.766
948,4.006,4.651,1.745
949,4.050,4.670,1.865
950,3.982,4.628,1.810
951,3.998,4.637,1.703
952,3.932,4.627,1.750
953,3.932,4.606,1.738
954,3.948,4.602,1.872
955,3.926,4.603,1.714
956,3.919,4.626,1.815
957,3.919,4.606,1.721
958,3.927,4.617,1.733
959,3.913,4.668,1.731
960,3.904,4.602,1.747
961,3.907,4.604,1.813
962,3.903,4.602,1.802
963,3.865,4.592,1.802
964,3.891,4.584,1.815
965,3.864,4.575,1.739
966,3.864,4.579,1.812
967,3.866,4.575,1.788
968,3.875,4.601,1.750
969,3.875,4.556,1.909
970,3.870,4.553,1.796
971,3.862,4.540,1.744
972,3.863,4.594,1.759
973,3.869,4.516,1.812
974,3.869,4.496,1.783
975,3.861,4.484,1.769
976,3.838,4.453,1.808
977,3.872,4.310,1.823
978,3.839,4.293,1.784
979,3.849,4.313,1.682
980,3.838,4.289,1.799
981,3.838,4.276,1.747
982,3.883,4.282,1.767
983,3.829,4.281,1.789
984,3.790,4.275,1.777
985,3.757,4.279,1.744
986,3.737,4.288,1.798
987,3.738,4.315,1.768
988,3.713,4.253,1.758
989,3.753,4.256,1.783
990,3.713,4.251,1.737
991,3.708,4.251,1.700
992,3.713,4.274,1.767
993,3.714,4.250,1.805
994,3.707,4.249,1.756
995,3.699,4.253,1.750
996,3.701,4.259,1.804
997,3.697,4.249,1.767
998,3.694,4.209,1.672
999,3.712,4.233,1.754
