Iteration,SA_T1000.0,SA_T10000.0,SA_T100000.0,SA_T1000000.0,SA_T1.0E7,SA_T1.0E8,SA_T1.0E9,SA_T1.0E10,SA_T1.0E11
0,44.793,38.924,94.020,53.593,90.371,29.953,61.201,89.002,68.445
1,45.717,39.309,89.203,54.378,90.549,30.024,62.646,89.669,72.978
2,45.714,39.276,89.391,53.978,92.265,30.022,64.604,89.702,71.393
3,43.497,39.271,89.048,54.095,92.434,30.647,64.492,89.722,71.724
4,42.772,40.270,89.443,54.239,92.438,30.701,64.608,90.819,71.031
5,42.928,40.147,89.512,54.079,92.559,30.700,64.223,90.264,70.770
6,42.901,40.141,89.446,54.193,92.284,30.149,64.281,90.672,69.247
7,42.864,40.048,88.789,54.636,93.032,30.150,63.871,90.987,69.231
8,42.890,40.068,88.299,53.970,93.091,30.382,63.582,90.846,69.283
9,42.813,39.955,88.364,54.481,94.203,30.430,64.217,88.937,69.313
10,42.797,38.484,89.275,53.943,94.163,29.824,64.056,88.874,68.193
11,42.792,38.484,89.236,53.928,96.353,29.708,64.161,90.316,68.222
12,42.728,38.483,90.115,54.844,96.360,29.685,65.042,91.602,68.565
13,42.895,40.035,90.327,54.960,96.275,29.610,64.558,91.444,68.922
14,42.642,39.968,90.049,54.419,96.258,29.692,64.631,90.590,71.605
15,41.877,39.973,90.138,54.433,95.994,29.844,64.675,90.275,71.631
16,41.875,39.727,89.931,54.453,95.996,30.067,63.200,90.400,71.624
17,41.077,42.321,89.267,54.281,94.762,29.376,63.902,91.014,71.624
18,42.042,41.026,90.873,54.190,94.820,29.873,63.891,90.987,73.152
19,41.458,40.929,90.462,54.932,94.506,29.904,63.868,90.914,73.818
20,41.201,41.069,90.586,54.959,94.507,29.906,63.470,90.913,73.822
21,41.394,40.385,90.637,54.959,94.315,29.969,63.608,90.938,73.428
22,41.464,40.396,90.684,57.078,93.665,29.846,63.907,90.655,73.700
23,41.053,39.083,89.844,57.035,94.191,29.672,63.004,90.607,73.644
24,41.637,38.601,91.414,56.968,92.751,31.003,63.622,90.524,73.930
25,41.793,38.734,91.411,56.635,92.722,30.762,63.622,90.631,73.940
26,40.561,38.823,91.032,56.758,92.897,30.901,64.266,90.012,74.593
27,40.552,38.884,90.767,56.840,93.122,30.790,64.772,93.236,74.517
28,40.614,41.418,90.819,56.152,93.118,30.941,64.514,93.002,75.238
29,40.591,40.954,90.577,56.131,94.554,30.870,64.366,93.020,75.641
30,40.559,40.873,89.797,57.027,94.388,30.623,64.439,93.890,75.233
31,40.617,40.597,89.865,57.027,95.068,31.152,65.470,93.995,75.034
32,39.232,41.615,88.441,57.955,95.330,31.001,65.973,93.992,76.084
33,40.064,41.969,89.843,58.739,95.434,31.066,67.514,92.707,76.111
34,40.129,41.555,90.014,56.742,95.903,31.190,67.412,92.978,74.242
35,40.256,41.555,89.993,56.413,96.352,30.889,66.745,92.872,75.484
36,40.128,41.528,89.960,56.011,96.367,30.967,66.994,92.804,73.859
37,40.210,41.010,89.977,54.826,96.407,30.854,69.381,91.741,72.410
38,39.891,42.062,89.828,54.845,96.217,30.854,69.320,91.755,72.997
39,39.944,44.195,89.712,53.621,95.977,30.861,67.435,91.965,71.901
40,39.473,44.399,89.831,53.776,95.874,31.002,66.847,92.044,72.212
41,39.629,45.481,89.831,53.721,95.909,31.111,66.674,91.742,72.499
42,38.365,45.593,92.899,53.682,94.788,31.153,66.130,91.777,72.140
43,39.153,44.922,92.663,54.040,94.550,31.002,66.147,92.197,72.389
44,38.847,44.674,92.664,55.334,93.970,31.313,66.195,92.223,72.595
45,47.160,53.721,93.080,54.402,94.243,31.818,66.277,92.223,72.986
46,47.156,52.409,93.007,54.000,94.730,31.753,66.297,91.260,77.209
47,47.308,53.375,92.859,53.703,94.606,31.753,65.784,91.420,77.296
48,46.428,52.953,94.319,55.419,94.537,31.137,66.539,91.269,78.069
49,46.434,52.555,94.403,53.478,94.138,30.896,66.129,90.854,78.131
50,46.326,51.952,94.670,53.153,94.028,30.896,66.244,90.856,78.276
51,46.755,50.763,94.721,53.179,94.016,30.884,66.594,90.428,77.973
52,47.986,51.106,91.214,52.671,94.365,30.884,66.594,90.465,76.991
53,47.815,51.129,91.132,52.671,95.307,30.629,65.729,90.458,77.555
54,46.919,50.751,90.745,52.144,95.710,30.263,66.335,89.822,77.555
55,46.671,50.587,90.517,52.267,95.632,30.827,64.634,89.944,74.091
56,46.804,50.888,90.974,51.968,95.472,30.686,64.139,89.906,73.968
57,47.556,50.186,90.941,51.709,93.957,30.878,64.386,91.939,73.666
58,48.460,52.599,90.266,51.890,94.001,30.879,65.379,91.848,74.333
59,50.112,52.063,90.277,52.070,93.818,30.854,64.237,92.687,74.226
60,50.225,51.520,90.209,51.995,100.537,30.906,63.569,92.707,78.225
61,48.599,51.493,90.927,52.648,101.011,31.284,63.563,92.730,78.271
62,49.583,51.297,89.696,52.308,101.012,31.268,63.990,92.564,78.286
63,49.224,50.904,92.005,52.147,102.019,31.348,64.306,92.209,78.631
64,49.315,51.628,92.001,51.966,101.951,30.421,64.400,92.681,77.895
65,50.231,51.671,91.420,51.953,101.590,31.500,63.902,92.689,77.173
66,50.002,51.682,90.478,50.130,101.564,32.241,63.478,92.794,75.987
67,49.760,51.053,88.228,48.273,102.065,32.229,63.195,92.228,76.477
68,49.498,50.892,89.589,48.224,102.476,32.452,63.746,92.639,76.312
69,49.485,50.400,89.441,48.324,102.789,32.439,62.797,92.715,76.201
70,48.642,51.186,89.759,48.359,102.800,32.440,63.242,92.378,76.201
71,48.861,51.189,89.828,46.159,102.167,32.477,63.037,92.796,77.437
72,48.846,51.103,89.625,46.597,101.419,32.575,62.531,93.049,78.376
73,50.184,50.860,89.512,45.973,101.524,33.251,51.677,93.037,77.911
74,50.229,51.607,89.436,45.552,100.673,33.402,51.811,94.249,78.021
75,50.328,52.655,89.143,46.645,101.117,33.399,51.819,94.453,77.308
76,50.740,52.132,89.522,46.843,101.236,33.488,52.089,94.481,77.405
77,48.731,51.778,89.522,46.395,101.205,33.500,51.785,94.255,77.734
78,49.847,50.409,88.501,46.555,101.718,34.575,51.814,94.264,79.270
79,49.618,50.029,89.240,47.106,101.854,34.938,51.392,93.973,79.201
80,49.787,49.782,89.247,47.106,102.081,35.309,53.183,94.114,81.190
81,49.697,49.976,88.928,47.165,101.628,35.160,52.348,94.191,80.887
82,49.713,49.824,88.929,45.729,102.189,35.160,52.340,93.402,80.510
83,49.442,49.777,91.413,46.090,103.558,35.175,52.435,94.009,80.399
84,49.146,49.830,91.340,46.121,103.542,35.360,52.367,94.032,81.178
85,49.145,49.396,91.424,45.193,104.238,35.277,52.342,93.977,80.775
86,48.863,49.426,91.330,44.549,104.294,35.283,52.662,92.459,79.263
87,48.895,49.169,91.367,44.461,104.291,35.348,52.923,92.261,80.480
88,49.556,46.527,92.373,44.497,104.291,35.115,52.051,91.195,80.686
89,50.218,47.058,92.355,44.126,103.491,35.119,53.095,91.195,79.839
90,50.185,46.636,93.347,44.186,102.628,34.989,52.574,91.168,79.020
91,48.981,46.885,93.337,44.204,103.018,34.480,53.533,91.303,79.107
92,48.981,47.066,91.868,46.869,103.035,34.686,53.561,92.318,79.398
93,49.035,47.034,91.727,46.671,103.047,34.441,55.062,92.656,79.390
94,49.081,45.891,90.721,46.657,105.722,35.112,55.730,92.604,79.187
95,49.656,46.188,90.898,46.810,106.039,34.361,58.168,92.492,79.384
96,49.479,45.876,90.671,46.795,105.815,34.789,58.819,92.498,78.928
97,49.495,46.939,89.472,47.377,108.240,33.562,58.347,92.895,79.978
98,49.601,45.960,89.190,47.649,108.197,33.562,58.564,92.806,79.856
99,48.176,44.805,89.996,47.596,107.014,32.313,57.231,92.173,79.980
100,48.249,45.816,90.013,47.475,107.255,32.313,57.373,89.090,79.748
101,48.150,46.170,87.193,47.004,107.145,33.769,54.095,88.972,79.263
102,47.971,46.070,86.520,47.507,106.865,33.723,55.486,89.546,79.146
103,48.320,45.907,86.522,47.627,106.111,33.979,55.569,89.258,79.619
104,49.831,46.208,88.018,46.219,107.648,33.371,53.930,89.258,78.970
105,50.607,46.056,89.035,46.514,108.512,33.547,52.941,89.228,79.003
106,50.785,46.131,88.806,45.146,108.488,33.578,53.098,89.230,80.000
107,49.584,47.003,89.135,44.333,108.474,33.709,53.057,88.396,78.791
108,50.481,48.583,89.430,43.329,109.021,33.452,54.276,88.273,77.142
109,50.644,48.460,89.778,44.022,108.701,34.967,53.273,88.344,77.523
110,51.086,47.626,89.657,44.057,108.787,34.971,53.023,88.016,78.719
111,51.978,47.877,91.009,44.204,108.863,34.988,53.775,87.587,79.789
112,51.678,47.793,91.477,44.273,108.421,35.397,53.775,87.444,79.548
113,51.713,48.182,93.201,43.954,108.421,35.410,54.160,86.815,82.712
114,51.707,48.990,92.444,43.954,108.373,35.380,52.238,86.803,83.444
115,51.395,49.088,92.540,44.866,108.028,35.325,52.318,86.786,81.866
116,51.475,49.622,94.119,44.837,107.340,35.227,52.309,86.965,81.953
117,51.477,49.641,94.132,45.393,107.533,35.341,50.724,94.870,81.430
118,51.298,52.034,94.200,45.331,109.383,35.470,50.633,94.735,80.767
119,52.142,50.318,94.314,45.422,109.108,35.330,50.586,94.317,83.054
120,51.739,51.096,94.391,44.148,109.124,34.997,50.594,94.221,82.637
121,51.880,51.646,94.290,44.497,108.971,34.610,50.551,94.166,82.354
122,51.767,51.500,94.413,44.438,108.487,34.132,49.885,94.153,82.168
123,52.488,51.556,95.032,44.442,108.906,34.264,50.633,93.854,83.637
124,52.578,51.611,95.014,44.225,111.117,34.160,50.684,93.852,84.024
125,52.240,51.493,94.697,44.208,111.360,34.000,48.577,94.602,84.351
126,52.442,50.596,93.080,44.102,111.492,34.034,48.473,94.803,85.570
127,52.481,50.611,90.739,43.314,111.598,34.313,48.496,93.503,86.226
128,50.787,51.420,90.405,43.516,111.596,34.193,53.665,92.996,86.165
129,50.391,50.948,90.968,43.516,110.925,34.242,54.302,93.396,86.277
130,49.602,50.316,90.934,44.518,111.615,34.563,54.258,92.972,88.686
131,50.881,50.505,91.958,44.487,110.398,34.631,54.275,92.923,89.085
132,51.622,50.808,92.926,44.184,110.458,35.097,53.585,92.504,87.724
133,50.352,50.762,92.656,44.314,110.937,35.106,54.425,92.249,89.440
134,50.707,51.268,92.348,44.952,110.895,35.330,55.797,92.199,89.464
135,50.841,51.442,91.776,45.305,110.854,35.463,55.618,90.410,91.026
136,51.086,51.309,89.895,46.201,107.090,35.330,55.905,91.295,91.069
137,50.392,51.441,90.584,44.894,106.902,35.571,55.843,92.549,91.690
138,49.038,51.662,90.538,45.098,106.825,35.635,55.775,92.606,91.804
139,49.014,51.947,91.133,45.100,108.161,35.629,55.793,92.600,91.811
140,48.797,52.447,91.146,44.693,106.633,35.630,56.043,92.497,92.148
141,48.780,52.087,91.020,44.657,108.270,35.588,62.623,90.487,92.420
142,48.874,52.100,90.682,44.001,108.058,35.740,62.246,90.435,92.387
143,48.245,52.100,90.707,44.435,108.371,35.745,61.425,90.199,92.347
144,48.349,52.991,88.278,44.168,108.763,36.046,60.714,90.231,92.398
145,48.357,52.493,87.193,44.547,108.918,35.687,60.540,89.960,92.470
146,49.281,52.432,86.677,44.502,108.185,36.475,60.457,89.739,92.352
147,49.706,51.717,86.671,44.297,107.613,36.470,61.141,89.690,92.580
148,49.760,51.792,90.358,43.244,108.771,36.380,62.923,90.276,95.448
149,49.982,51.881,89.953,43.295,108.772,36.675,62.333,88.801,95.603
150,51.364,51.829,89.558,43.761,108.818,36.577,62.330,88.135,94.573
151,51.343,51.659,89.382,43.694,108.079,36.577,60.783,88.105,95.105
152,52.605,51.782,88.108,43.819,107.803,37.299,61.857,88.308,93.924
153,53.916,51.724,88.027,42.064,108.787,36.544,62.761,88.341,95.847
154,53.889,51.712,88.439,41.696,108.860,36.571,62.774,87.194,97.564
155,53.228,51.572,90.253,41.944,108.596,36.666,62.963,87.066,97.353
156,53.153,50.787,90.247,41.992,108.523,36.205,62.901,86.746,96.181
157,55.711,50.070,89.705,42.038,108.248,32.284,65.748,86.245,96.814
158,55.589,47.762,89.759,41.793,108.447,32.393,65.580,86.260,96.672
159,54.096,48.774,89.758,42.186,108.578,32.401,65.029,86.812,97.715
160,54.051,48.862,89.198,42.156,107.980,32.194,66.152,86.812,97.529
161,54.549,52.587,89.319,41.989,108.735,33.257,65.045,86.803,97.656
162,54.307,52.712,89.384,41.375,108.646,33.250,65.484,86.076,97.479
163,54.122,53.881,89.887,41.541,108.736,33.367,65.942,86.120,97.327
164,55.345,53.981,90.000,41.292,109.178,32.637,66.792,86.181,105.047
165,56.754,53.671,90.094,41.243,109.207,32.939,66.805,86.487,104.782
166,56.677,53.302,92.085,41.175,109.246,32.906,67.227,86.465,104.675
167,56.677,53.302,92.595,41.252,109.071,32.698,66.887,85.203,101.550
168,56.682,52.842,93.195,41.402,108.930,33.411,66.922,85.203,102.245
169,57.749,54.108,93.208,40.972,108.966,33.612,66.519,85.420,102.349
170,58.058,54.119,93.203,41.096,108.928,33.297,69.895,85.650,101.990
171,58.213,54.437,93.265,41.546,108.928,34.077,70.635,86.963,101.858
172,58.508,54.490,93.134,40.969,108.954,34.178,71.073,87.381,102.563
173,58.152,54.397,93.090,41.217,109.252,35.549,74.004,87.459,102.426
174,58.142,54.843,93.475,41.462,109.353,35.518,72.458,86.428,99.329
175,58.265,54.881,95.867,42.866,108.994,35.461,72.979,84.838,98.003
176,58.781,54.448,95.723,43.138,110.143,35.366,74.450,84.780,99.097
177,58.787,50.430,95.622,41.919,110.006,35.390,74.686,84.828,99.097
178,58.786,50.456,95.408,41.898,112.073,35.158,74.998,85.576,99.432
179,59.597,49.838,95.831,41.885,111.432,34.769,76.850,85.255,99.429
180,59.858,49.794,97.659,41.685,111.403,34.903,76.221,85.437,99.445
181,59.773,49.858,97.589,41.727,111.022,34.899,76.918,83.921,100.230
182,59.890,50.031,95.115,41.239,110.895,34.978,77.242,84.030,100.095
183,59.978,50.292,95.237,41.246,110.335,34.975,77.160,83.213,102.594
184,60.018,50.401,95.027,41.228,108.514,35.025,77.362,83.308,106.322
185,60.055,51.147,93.279,41.310,108.752,35.025,77.396,82.435,106.285
186,59.827,51.711,93.275,41.524,108.779,35.071,77.423,82.111,106.099
187,59.712,52.110,92.664,43.290,108.780,35.201,64.783,83.006,106.005
188,59.733,51.840,92.558,47.656,109.073,35.321,64.827,82.870,104.451
189,60.355,52.491,92.142,46.846,108.104,35.562,64.729,84.377,104.654
190,56.270,52.559,92.136,46.633,108.947,35.693,64.654,82.947,103.572
191,56.172,53.616,92.128,45.786,109.122,35.616,64.413,83.514,104.396
192,56.073,53.619,94.115,46.608,109.562,34.900,66.904,83.024,103.488
193,56.050,53.238,95.081,47.603,110.833,34.915,67.258,83.100,103.661
194,56.755,53.193,94.682,47.815,109.631,35.102,67.722,83.231,106.198
195,56.903,54.248,95.810,49.017,109.961,33.526,65.119,83.395,105.179
196,56.896,54.543,98.944,49.021,107.448,34.052,68.860,83.390,105.254
197,56.541,54.745,98.826,48.144,106.475,34.182,68.364,83.528,104.449
198,55.830,56.065,98.906,48.092,105.900,34.133,70.663,83.453,105.268
199,56.030,55.412,97.463,47.914,106.253,34.103,70.655,83.291,106.612
200,55.449,54.276,98.130,48.015,106.435,34.668,70.254,83.442,106.785
201,55.517,53.004,98.343,48.769,105.621,34.717,69.358,83.120,107.483
202,55.514,53.000,97.865,46.995,105.790,34.383,69.368,82.994,107.616
203,54.669,52.981,98.205,46.875,105.836,34.182,69.975,81.869,107.422
204,56.730,52.388,98.201,47.192,105.906,33.862,69.849,81.809,105.237
205,56.787,52.495,98.168,47.306,105.960,33.671,69.506,81.680,105.281
206,56.581,52.444,97.908,47.403,106.691,33.705,68.589,83.129,105.700
207,56.769,53.445,97.437,46.060,107.137,34.704,69.024,83.106,105.295
208,57.784,54.350,97.008,45.887,107.178,33.924,68.926,83.056,105.042
209,57.829,54.966,97.935,45.362,107.161,33.997,68.379,82.841,105.038
210,55.826,55.098,95.233,45.330,108.387,33.936,68.405,83.329,104.216
211,56.476,53.656,95.128,46.078,108.760,34.845,69.058,83.219,104.065
212,56.442,53.881,94.655,45.181,108.863,34.739,68.943,83.130,103.250
213,52.913,53.838,94.931,45.298,109.040,34.728,68.290,83.405,104.545
214,52.915,53.755,93.476,44.108,109.476,34.640,62.997,83.048,104.031
215,52.690,53.755,93.721,43.795,109.396,34.629,62.852,83.067,104.746
216,52.524,51.935,93.725,43.834,110.186,36.222,63.341,82.946,104.974
217,52.182,51.715,94.563,43.456,110.705,36.233,63.597,82.421,105.357
218,52.267,51.099,95.693,43.423,110.594,36.233,63.583,83.953,104.824
219,52.511,50.676,96.122,43.572,110.584,36.234,63.726,84.096,103.693
220,54.825,48.792,96.263,43.978,102.516,36.984,63.744,82.549,104.938
221,53.365,47.098,96.439,43.934,103.411,36.985,63.671,82.543,105.942
222,53.339,47.208,96.332,44.025,103.445,37.516,62.729,82.192,105.963
223,52.973,48.080,97.781,43.939,103.432,37.388,62.807,83.666,106.692
224,53.041,49.427,97.149,44.481,103.509,37.514,62.863,84.171,106.795
225,57.529,49.129,98.509,44.727,104.151,36.904,62.408,84.094,106.638
226,54.936,48.610,96.910,44.260,104.070,36.892,62.800,82.642,107.649
227,55.297,48.443,96.908,44.510,104.219,34.931,62.478,82.789,107.407
228,55.677,49.184,97.144,44.408,104.214,33.735,62.757,82.807,107.702
229,55.669,48.831,96.861,44.708,106.567,34.781,61.789,82.818,105.905
230,55.439,48.862,96.074,44.391,106.752,34.488,62.309,82.816,105.865
231,60.553,48.317,96.271,44.028,107.320,35.148,61.431,79.220,105.799
232,60.568,48.250,98.010,37.836,107.427,35.147,62.507,79.480,105.860
233,60.576,48.109,98.954,39.026,107.424,34.701,62.441,79.740,105.809
234,60.881,48.034,98.961,39.030,107.349,35.537,63.192,79.640,106.049
235,61.131,48.086,100.372,38.980,107.305,37.050,61.143,79.630,106.061
236,60.919,47.269,100.371,38.729,106.860,37.357,61.214,78.941,105.602
237,60.937,47.140,101.125,38.702,106.702,37.069,61.347,79.112,105.501
238,60.690,47.419,101.777,39.228,107.092,36.786,61.406,80.030,106.953
239,61.537,46.911,100.598,38.747,106.224,36.578,62.280,80.107,107.666
240,61.483,46.321,101.422,38.715,106.348,37.349,60.986,79.713,107.417
241,61.041,46.391,101.942,39.550,106.369,36.802,60.994,80.953,106.919
242,61.891,45.783,101.959,39.543,106.408,36.845,60.684,80.840,106.847
243,61.882,44.324,101.776,38.867,106.497,36.386,60.636,80.999,104.265
244,61.918,44.380,102.671,38.037,106.191,36.392,61.349,81.043,102.915
245,62.361,46.736,102.522,38.072,106.132,36.092,61.704,70.274,102.628
246,61.765,47.256,102.528,38.184,107.126,35.962,61.846,70.081,102.369
247,62.081,47.407,101.840,38.319,106.631,35.220,62.011,70.009,102.308
248,61.131,50.927,101.835,38.355,106.469,35.410,62.114,70.009,101.286
249,61.109,51.291,101.720,38.388,104.613,35.548,60.763,68.955,101.229
250,61.020,49.475,101.719,38.918,104.642,35.298,59.038,68.824,101.774
251,62.190,48.856,102.776,38.318,104.669,35.595,58.567,69.047,100.481
252,62.472,47.851,103.687,38.392,105.437,39.339,58.618,68.290,100.811
253,62.626,48.008,103.143,38.213,105.427,39.274,58.473,68.245,101.061
254,63.265,48.156,100.022,38.172,106.186,38.815,58.812,70.815,101.060
255,62.826,48.286,100.634,39.755,106.187,38.899,58.506,73.000,100.932
256,62.818,46.936,100.631,38.992,106.060,38.729,58.206,73.619,101.251
257,61.858,47.036,100.493,38.434,106.214,38.674,58.169,73.647,97.585
258,61.852,47.028,102.158,38.502,107.981,37.524,57.802,74.138,97.583
259,63.151,47.205,100.373,38.590,108.848,37.591,57.871,74.138,98.249
260,63.701,47.133,100.067,38.592,108.932,37.599,58.562,74.206,98.302
261,63.166,47.148,99.664,37.419,108.943,37.376,58.780,74.306,99.180
262,62.105,48.602,99.168,37.587,109.025,37.351,57.275,74.930,96.487
263,62.438,48.721,99.176,37.520,109.097,37.196,56.993,75.087,96.350
264,62.374,49.431,100.167,37.516,107.544,36.971,57.343,73.034,93.839
265,62.354,48.329,100.159,37.511,107.706,36.971,57.423,75.328,94.445
266,62.351,47.521,100.216,37.306,108.298,36.345,57.532,75.329,94.408
267,62.359,51.038,100.184,37.244,108.981,36.293,57.315,75.085,94.228
268,62.684,50.916,101.702,37.181,108.722,35.984,57.895,76.325,94.232
269,63.820,50.954,103.498,37.397,108.803,40.014,58.548,77.475,92.172
270,63.697,50.806,104.263,37.068,109.065,38.850,58.730,77.475,92.740
271,63.724,52.194,107.887,37.687,108.213,38.604,58.934,79.755,92.695
272,63.885,51.811,108.820,38.010,108.936,37.732,58.929,79.275,92.869
273,64.270,52.057,108.991,37.707,108.896,36.370,58.895,79.055,93.106
274,65.510,51.973,110.840,37.595,107.714,35.784,58.645,77.660,94.587
275,65.073,52.076,110.078,37.709,107.598,35.862,59.120,77.332,95.202
276,65.187,50.407,110.006,37.783,107.606,35.833,59.226,77.292,95.346
277,65.420,50.256,110.007,39.438,107.743,36.075,60.091,77.291,95.731
278,65.315,49.977,109.965,39.342,107.855,35.683,60.107,77.106,95.719
279,64.786,52.980,110.340,39.396,107.855,35.928,58.119,76.898,93.945
280,64.499,53.702,109.941,38.191,107.766,35.900,61.016,76.840,93.715
281,64.503,52.799,109.926,38.057,107.434,35.921,60.895,79.441,93.737
282,64.377,52.705,110.170,36.234,108.535,35.858,60.966,79.891,93.737
283,54.572,52.774,110.162,35.259,108.632,34.598,61.360,78.952,93.176
284,52.866,53.981,110.161,34.786,112.244,34.598,63.505,78.494,92.169
285,52.859,52.617,110.001,32.676,111.839,34.807,63.090,78.616,92.082
286,52.250,52.520,110.400,33.676,111.840,34.836,62.752,78.365,92.141
287,52.531,53.185,111.237,33.933,112.784,34.254,64.694,78.709,92.163
288,52.705,53.030,110.873,34.098,112.389,35.554,64.448,79.409,91.232
289,52.608,53.703,110.874,34.245,111.224,35.743,60.388,79.452,91.668
290,52.492,53.186,110.910,33.974,111.253,36.483,59.872,78.719,90.746
291,52.501,52.111,113.067,33.974,111.253,36.024,59.661,78.882,90.874
292,52.507,52.406,113.034,34.034,111.197,35.977,59.570,78.598,90.168
293,52.538,52.481,112.936,33.880,111.571,34.978,59.570,78.814,88.966
294,52.296,54.690,112.799,32.917,111.098,35.050,58.170,78.833,89.469
295,52.290,54.736,112.606,32.833,110.796,35.044,57.990,77.183,88.819
296,52.302,54.958,115.010,33.024,110.544,35.159,58.040,76.492,83.635
297,52.209,55.091,115.259,33.130,110.719,35.883,57.891,76.362,83.664
298,52.671,55.914,115.201,33.745,110.659,35.895,57.754,76.614,84.697
299,52.114,54.943,115.507,32.183,110.132,36.771,58.093,76.465,84.704
300,51.076,54.434,117.319,31.573,110.495,36.678,58.766,76.543,84.836
301,53.076,54.010,117.321,30.026,110.495,36.528,58.874,75.861,84.198
302,51.235,53.981,116.844,30.043,111.450,36.739,58.874,75.865,84.211
303,50.155,54.874,120.572,30.052,111.452,34.477,58.840,75.745,84.457
304,49.847,54.874,120.604,30.068,111.470,35.326,59.066,79.356,84.535
305,49.793,55.871,120.694,29.550,113.255,35.324,59.057,79.823,84.612
306,49.396,55.548,121.232,29.619,115.077,35.000,59.507,78.169,84.600
307,49.472,53.060,120.558,29.551,115.598,34.997,59.516,79.147,83.985
308,49.445,53.258,120.801,29.757,116.638,34.134,59.017,79.500,84.312
309,49.585,53.254,122.335,29.606,116.730,32.891,57.131,75.451,84.312
310,48.480,52.644,125.791,29.914,116.732,32.905,57.323,75.049,85.736
311,48.429,52.333,125.824,30.104,116.576,32.692,57.148,76.142,85.075
312,48.613,49.653,125.808,29.670,117.914,32.617,56.188,75.987,85.013
313,46.123,48.529,125.532,29.690,118.118,32.056,56.826,75.989,85.732
314,46.086,48.560,125.531,34.899,118.081,32.209,58.137,76.452,84.784
315,45.718,50.799,125.337,35.009,117.774,32.099,59.290,76.483,84.826
316,43.829,50.850,125.327,35.018,117.814,30.994,55.521,76.711,85.138
317,43.847,50.838,123.051,34.022,118.781,30.273,54.393,77.159,85.730
318,43.970,50.461,124.812,33.694,119.023,30.311,54.142,77.182,86.498
319,43.429,50.596,124.390,33.530,119.035,31.001,54.205,76.415,86.493
320,43.249,50.466,123.131,33.487,119.149,30.947,53.240,76.486,86.458
321,43.314,50.853,123.089,33.589,119.754,31.642,53.238,76.583,86.296
322,44.224,48.200,123.078,33.858,119.784,31.791,53.362,76.122,85.723
323,42.907,48.426,124.076,33.816,119.778,31.652,53.855,74.370,85.627
324,42.896,48.495,124.313,34.016,118.667,31.558,53.736,73.514,85.252
325,42.936,48.562,123.650,33.439,118.658,31.012,54.012,72.701,85.115
326,42.896,48.660,123.933,33.113,109.644,31.091,54.439,72.191,85.113
327,42.900,48.466,123.949,33.193,109.555,31.393,55.403,70.750,85.263
328,44.033,48.156,124.093,33.051,107.382,31.145,55.815,72.698,85.209
329,43.139,47.599,125.676,33.758,107.322,31.146,55.162,74.047,85.490
330,43.639,47.981,125.816,33.755,107.332,31.125,54.345,73.613,85.429
331,42.798,47.787,125.574,33.705,107.042,31.084,54.267,73.826,85.291
332,42.803,47.485,127.182,33.248,105.507,31.312,52.700,74.160,85.265
333,42.803,48.761,127.332,32.736,105.542,31.312,53.112,74.231,84.977
334,43.322,47.035,127.294,32.626,104.530,31.368,52.988,73.879,84.923
335,43.134,47.719,126.524,33.170,91.755,31.216,50.450,74.108,84.870
336,42.205,44.783,126.521,32.994,91.123,31.045,49.695,75.550,83.427
337,42.770,44.913,125.521,32.145,90.250,31.354,49.910,75.450,84.070
338,39.730,44.575,124.422,32.173,90.375,30.795,51.050,75.424,84.064
339,38.975,44.474,126.890,32.020,90.362,30.848,51.444,75.343,84.824
340,39.271,44.506,127.234,31.993,90.362,31.118,51.283,75.102,84.649
341,38.881,45.292,127.080,31.749,91.402,31.740,50.630,74.466,84.953
342,39.885,44.044,127.443,30.579,91.548,31.651,50.630,74.573,82.534
343,38.823,44.146,127.449,30.745,91.793,31.706,50.599,74.682,73.326
344,38.855,43.596,127.384,31.305,91.937,31.192,50.565,74.564,73.231
345,38.839,46.250,127.853,31.293,93.039,31.237,49.252,74.572,74.814
346,38.844,44.161,127.955,30.904,94.229,31.343,50.181,71.876,74.814
347,37.827,43.512,127.404,31.095,94.950,31.408,50.198,70.664,74.636
348,37.722,43.368,127.493,31.662,94.851,31.711,48.935,70.661,75.707
349,37.810,43.409,128.313,31.777,95.943,31.812,48.930,70.690,75.727
350,38.406,43.636,130.178,31.758,96.040,31.342,48.854,71.166,75.794
351,39.315,43.481,130.167,31.460,96.309,30.574,47.937,70.852,75.427
352,37.357,45.110,131.617,31.248,96.959,30.679,47.811,70.934,75.537
353,36.201,43.443,131.744,31.303,98.215,30.680,45.711,69.867,74.747
354,36.183,43.126,131.828,31.247,97.590,30.958,46.586,69.720,75.028
355,36.343,43.639,131.724,31.247,97.675,30.382,53.824,69.753,75.274
356,35.488,43.174,131.934,31.633,96.517,31.144,53.820,70.180,76.500
357,33.438,42.705,132.164,31.698,96.879,31.369,53.960,70.152,76.968
358,35.786,42.608,131.218,31.621,96.973,31.376,53.863,71.859,77.724
359,33.554,42.590,131.545,31.319,98.894,31.656,53.858,71.859,77.950
360,33.429,42.956,130.458,31.211,99.043,31.881,53.810,71.941,77.785
361,33.513,42.948,130.347,30.910,98.526,31.237,53.796,72.365,79.313
362,33.298,42.118,130.335,32.075,97.853,31.979,52.577,73.062,79.110
363,33.304,42.124,129.414,32.019,98.222,31.907,52.483,73.122,79.110
364,32.610,41.605,130.573,31.974,98.282,31.775,52.926,73.005,79.422
365,30.937,38.371,130.310,31.615,98.166,31.792,52.720,73.094,79.429
366,31.410,38.866,133.122,30.912,98.336,32.126,53.115,72.374,79.012
367,30.962,38.320,133.077,30.709,96.246,32.304,53.603,72.716,79.016
368,30.742,38.326,134.527,30.983,96.240,32.296,53.901,72.864,79.043
369,31.856,38.323,135.389,30.983,96.758,32.371,53.592,71.586,79.188
370,31.130,39.017,135.488,30.916,96.978,32.388,53.612,72.687,78.797
371,30.408,37.658,136.328,31.803,96.946,32.182,53.260,71.375,78.746
372,30.492,38.174,137.508,31.248,96.977,32.118,53.111,71.086,79.709
373,31.220,37.566,137.371,31.248,97.029,31.742,52.990,70.525,79.755
374,30.297,37.206,137.793,31.299,96.498,32.203,52.982,71.398,81.174
375,30.012,37.206,137.765,31.436,96.486,32.204,53.044,71.615,79.574
376,29.479,36.961,136.728,31.440,96.843,32.264,53.649,72.076,79.574
377,29.355,37.228,136.785,31.955,96.159,32.164,53.721,72.282,79.157
378,29.610,37.357,136.995,32.155,96.299,31.877,53.714,73.190,79.134
379,29.398,37.497,136.922,32.120,96.056,32.520,54.617,72.612,79.134
380,28.864,37.775,136.952,30.639,96.997,32.457,54.478,71.142,77.604
381,28.970,36.942,137.760,32.175,98.708,32.335,54.647,72.108,78.042
382,28.908,37.256,137.852,32.125,99.633,32.877,54.429,72.118,76.975
383,28.777,36.811,137.854,31.699,99.686,32.871,54.350,72.493,76.988
384,28.855,36.811,138.053,31.649,99.651,32.864,54.337,72.965,77.244
385,28.075,34.933,138.461,31.969,99.817,32.758,54.452,72.967,77.849
386,28.011,34.879,138.530,31.500,99.476,32.864,54.685,72.952,79.011
387,28.447,34.713,139.143,31.105,99.078,32.860,54.877,70.685,80.011
388,28.238,34.727,139.145,28.758,98.835,32.487,54.652,70.717,79.777
389,27.991,33.865,137.387,29.359,101.006,32.452,54.134,71.315,79.801
390,28.003,33.865,134.766,28.581,101.313,32.381,56.254,69.116,80.082
391,28.139,33.865,134.686,28.611,101.689,32.392,56.677,69.163,82.053
392,27.981,33.574,134.499,28.669,101.768,32.300,56.633,69.095,82.503
393,28.026,33.190,135.181,28.594,101.798,32.967,56.643,70.129,83.622
394,28.063,33.169,134.471,27.716,102.237,33.322,56.949,70.063,83.727
395,27.932,33.059,134.314,28.305,102.337,33.355,56.949,69.332,83.699
396,28.299,32.748,134.315,24.782,102.391,33.815,57.253,68.980,83.563
397,27.707,32.719,135.065,24.304,102.459,33.755,59.030,69.012,82.945
398,27.684,32.795,133.804,24.295,100.956,33.646,58.386,69.120,82.458
399,27.684,34.163,134.436,24.549,101.923,33.740,57.176,69.111,82.308
400,28.435,32.622,134.565,24.549,100.649,34.143,57.086,68.398,82.309
401,27.625,32.658,134.756,24.262,100.983,34.313,57.586,70.508,82.345
402,27.424,32.792,134.396,23.649,100.981,34.736,57.564,70.925,82.279
403,24.862,33.535,134.497,23.656,100.857,34.654,57.790,71.286,81.592
404,25.010,32.731,133.901,23.670,101.032,35.073,60.146,70.828,81.592
405,25.473,32.762,133.771,23.389,100.855,35.017,60.154,69.266,82.303
406,24.641,32.610,133.046,23.510,101.250,35.237,60.202,69.239,82.855
407,24.624,32.687,132.921,23.775,101.231,34.711,58.907,69.571,82.851
408,24.672,32.599,133.603,23.413,101.702,34.583,58.474,70.009,82.921
409,24.513,32.609,132.946,23.420,101.767,34.555,58.586,69.982,82.198
410,24.746,32.475,132.944,23.452,101.232,33.855,58.409,69.633,82.233
411,24.693,32.475,131.816,23.417,100.964,33.588,60.266,75.702,81.418
412,24.533,32.484,131.291,24.166,100.962,33.971,61.255,76.773,82.996
413,24.524,32.291,131.165,23.438,100.954,34.123,61.144,75.564,83.783
414,24.556,32.291,130.146,23.455,101.313,34.298,61.631,75.704,83.591
415,24.026,32.478,130.293,22.528,101.108,34.241,61.360,75.762,83.440
416,23.888,29.834,131.476,21.630,101.824,34.234,61.747,75.588,83.447
417,24.238,29.942,130.235,21.592,101.435,33.947,61.851,76.878,83.461
418,23.888,29.853,128.944,21.411,101.436,33.920,61.836,76.898,83.461
419,23.850,30.155,128.880,21.390,100.349,34.451,61.693,76.873,81.570
420,23.704,29.606,128.598,21.714,100.977,34.171,61.904,76.081,81.510
421,23.700,29.656,128.669,21.675,100.988,36.347,60.324,74.799,82.098
422,24.220,29.105,127.464,21.793,101.487,36.161,60.368,74.836,80.423
423,23.668,29.246,127.425,21.709,101.427,36.188,60.627,74.987,79.127
424,23.634,29.401,128.021,21.769,102.637,35.886,61.359,75.131,80.175
425,23.627,29.266,128.826,21.712,102.744,36.153,61.221,75.181,80.103
426,23.380,28.940,127.480,21.688,103.071,36.143,61.017,75.150,80.086
427,20.580,28.950,127.416,21.626,103.052,36.102,59.532,75.994,80.062
428,20.628,29.640,126.667,21.803,103.048,35.823,60.057,75.889,80.062
429,20.556,28.789,128.654,22.731,103.650,35.788,60.193,75.936,80.203
430,20.503,27.248,127.486,21.635,103.618,35.799,59.724,76.119,78.793
431,20.499,27.208,126.855,22.369,103.501,35.810,58.760,76.302,78.443
432,20.548,28.459,126.746,22.092,103.022,35.795,58.121,74.715,78.606
433,20.456,27.322,126.721,21.530,103.044,38.447,58.580,76.348,80.959
434,20.461,26.115,126.959,21.613,103.208,38.820,59.936,75.642,70.511
435,20.460,24.820,125.584,21.563,102.578,39.065,59.934,75.627,73.403
436,20.457,25.585,125.249,21.609,102.712,39.079,59.739,75.641,72.616
437,20.381,24.762,125.185,21.228,102.582,38.187,59.822,75.188,72.406
438,19.884,24.624,125.564,21.895,102.926,38.496,59.701,75.240,72.415
439,19.796,24.119,127.195,21.332,105.002,36.531,59.038,74.987,72.350
440,19.969,24.182,125.522,21.405,104.080,36.532,59.072,76.229,73.382
441,19.764,24.177,125.579,21.691,104.117,36.554,58.999,76.676,73.347
442,19.377,24.067,125.880,20.710,104.134,37.878,57.289,76.621,73.364
443,19.631,23.985,125.328,20.773,104.140,37.969,57.052,76.215,73.579
444,19.402,24.467,125.627,20.289,104.411,38.190,59.683,75.806,73.652
445,19.377,24.097,125.135,20.278,104.955,38.572,59.544,75.950,73.503
446,19.373,24.000,125.593,20.422,105.903,38.572,59.275,75.975,73.490
447,19.227,24.037,125.177,20.325,105.980,38.242,59.681,76.391,74.368
448,19.468,24.516,124.947,20.191,105.906,36.343,59.601,76.225,74.380
449,19.210,24.190,123.610,20.230,106.121,36.207,59.793,75.600,74.403
450,19.414,24.075,123.749,20.397,106.174,36.277,59.793,75.462,73.692
451,19.207,24.187,123.756,20.245,106.026,35.708,60.326,76.393,75.595
452,19.353,23.482,122.828,20.432,106.283,37.443,58.844,76.528,75.811
453,19.333,23.667,120.867,20.246,105.838,37.355,58.833,76.712,81.601
454,19.235,23.188,120.882,19.842,105.839,37.756,60.104,76.752,81.120
455,19.288,23.226,120.897,20.279,105.095,37.729,60.097,76.633,81.434
456,19.140,23.133,121.645,18.852,104.618,37.645,59.265,76.747,81.960
457,19.215,23.060,119.474,18.828,104.724,37.750,60.065,76.747,81.798
458,19.122,23.060,120.425,18.875,106.013,37.657,60.129,76.604,82.343
459,19.124,23.252,119.385,18.030,106.205,36.412,60.767,76.535,82.286
460,19.032,23.644,119.305,18.028,106.203,36.853,60.104,76.554,82.293
461,19.200,23.739,119.383,18.058,106.201,35.677,60.646,76.523,82.725
462,19.027,23.040,119.458,17.937,107.284,33.670,60.909,76.587,76.662
463,19.082,23.041,117.807,17.960,107.478,33.617,59.745,77.569,76.821
464,18.969,23.382,118.188,17.942,107.373,33.626,59.666,77.717,76.877
465,18.942,23.761,117.348,17.241,107.382,35.574,59.672,77.737,76.878
466,18.919,23.009,117.348,17.319,107.468,32.998,60.015,77.587,75.911
467,18.960,23.622,117.544,17.266,108.609,32.358,60.832,77.485,75.014
468,18.948,23.018,118.607,17.241,107.673,32.406,61.124,76.118,74.990
469,18.783,23.361,117.367,17.228,106.727,32.372,61.085,75.684,73.770
470,18.932,22.996,115.628,16.772,107.423,32.286,59.594,75.603,73.694
471,18.783,23.014,115.382,16.768,111.817,32.470,62.350,74.201,73.482
472,18.444,23.029,116.211,16.792,107.372,32.459,62.220,72.694,73.765
473,18.444,23.023,115.380,16.691,110.259,32.819,62.294,72.694,74.587
474,17.747,23.060,118.383,16.689,110.302,32.824,62.465,71.100,74.861
475,17.310,23.117,115.249,16.805,109.648,32.858,62.602,70.830,74.911
476,17.367,22.872,114.726,16.971,109.911,32.859,62.510,70.848,74.907
477,17.031,22.943,115.174,18.685,110.935,32.866,62.490,70.917,75.342
478,16.629,23.943,111.751,16.532,110.831,32.991,62.316,70.990,75.338
479,16.603,23.268,112.867,16.625,110.837,32.863,61.418,72.222,75.422
480,16.604,23.478,111.545,16.523,110.851,33.080,61.412,72.085,75.529
481,16.602,23.010,111.898,16.656,111.010,33.133,61.823,70.906,75.578
482,16.608,22.907,112.040,16.538,110.988,32.691,61.705,72.077,75.227
483,16.610,23.221,111.415,16.993,110.718,31.966,61.768,72.214,75.197
484,16.597,22.859,110.982,16.537,110.481,31.970,61.992,71.682,73.336
485,16.628,22.565,110.876,16.563,110.405,31.866,61.855,73.766,73.246
486,16.658,22.764,110.735,16.535,110.307,32.237,62.617,73.875,72.900
487,16.706,22.672,109.946,16.491,111.024,33.424,62.212,73.840,72.658
488,16.643,22.489,110.028,16.491,111.023,32.149,62.180,74.258,72.657
489,16.690,21.976,109.956,16.525,111.746,31.811,62.186,74.453,72.668
490,16.687,21.932,108.658,16.498,111.796,31.247,63.264,75.299,72.707
491,16.592,22.396,109.395,16.512,111.926,31.453,63.969,75.299,71.550
492,16.562,21.948,109.038,16.002,111.679,31.430,64.090,75.393,71.201
493,16.566,21.953,108.657,15.850,111.675,31.485,64.076,75.407,70.424
494,16.653,21.848,108.619,15.861,111.760,31.515,65.195,75.399,69.692
495,16.569,21.889,108.835,15.864,112.025,31.330,63.982,75.555,69.687
496,16.584,21.936,109.518,15.577,112.561,31.028,63.925,75.501,68.577
497,16.502,21.871,109.748,15.768,112.191,32.507,63.937,77.343,68.594
498,16.467,21.721,108.727,16.137,112.411,31.041,63.329,76.894,69.441
499,16.784,21.667,109.124,15.556,113.023,31.038,63.512,75.244,69.765
500,16.503,21.091,109.308,15.852,112.432,30.393,63.553,75.292,69.409
501,15.811,21.265,108.658,15.578,112.831,30.711,63.561,72.780,69.234
502,15.480,21.303,108.531,17.483,112.591,30.658,63.580,72.405,69.484
503,15.512,21.396,108.543,15.552,112.423,30.540,63.582,72.681,70.167
504,15.438,21.096,108.369,15.065,111.454,30.329,62.498,73.187,69.977
505,15.436,21.087,108.517,14.879,111.734,30.760,64.729,72.284,70.052
506,15.475,21.195,108.376,14.885,111.483,31.024,63.240,72.478,69.818
507,15.284,20.916,108.811,14.775,112.037,30.721,62.655,72.743,70.446
508,15.177,21.260,108.145,14.759,110.859,30.885,62.489,74.489,70.249
509,15.177,20.744,107.493,14.757,110.938,30.659,62.348,74.614,70.281
510,15.510,22.468,106.803,14.771,111.775,29.408,62.322,74.336,70.376
511,15.177,19.779,106.607,14.913,111.217,29.436,62.470,74.516,69.643
512,15.193,19.705,108.581,14.888,111.209,29.539,61.978,74.732,70.170
513,15.194,19.721,103.566,14.794,111.748,30.243,61.971,74.341,70.188
514,15.198,19.123,102.845,14.733,115.784,30.009,62.526,76.082,70.334
515,15.112,18.847,102.743,14.718,110.859,29.639,62.252,75.978,69.482
516,15.157,19.011,95.171,14.606,110.722,29.762,62.758,75.762,69.270
517,15.358,18.850,94.595,14.573,110.635,30.369,62.739,75.377,70.218
518,15.112,18.795,94.318,14.577,110.230,29.664,62.790,75.075,70.218
519,15.099,18.817,94.172,14.612,110.256,30.008,63.816,75.617,71.694
520,15.169,18.876,93.066,14.527,110.297,29.670,62.691,75.129,69.834
521,15.589,18.741,92.837,14.302,109.728,29.674,62.702,75.104,69.856
522,15.109,18.664,92.654,14.358,109.338,29.491,65.026,75.056,69.856
523,15.011,18.681,92.977,13.874,110.526,28.852,64.976,75.077,70.392
524,15.407,18.362,91.536,14.069,110.628,28.815,65.985,75.051,69.747
525,15.042,18.351,91.509,14.125,109.289,28.809,66.306,75.212,70.207
526,15.002,18.366,92.490,13.861,109.087,28.085,66.347,73.034,70.619
527,14.923,18.370,92.086,13.941,109.086,28.641,65.647,73.199,70.646
528,14.954,18.162,91.034,14.277,109.754,28.179,66.128,75.371,70.522
529,15.391,18.172,90.383,14.146,109.819,27.488,65.939,75.415,70.240
530,14.646,18.179,89.324,13.811,109.099,27.953,65.904,76.270,70.246
531,14.734,18.088,88.547,13.825,107.925,27.454,66.801,76.367,69.998
532,14.577,18.097,88.032,14.085,107.912,27.702,68.428,80.511,70.986
533,14.609,17.731,87.585,13.886,108.120,27.451,68.437,80.598,72.080
534,14.687,17.947,87.643,13.923,107.905,27.332,69.153,79.888,72.712
535,14.525,17.952,87.152,14.180,107.891,27.001,68.134,79.711,75.602
536,14.555,17.978,86.444,13.818,104.879,27.064,68.286,79.711,75.590
537,14.589,17.715,86.718,13.545,104.914,26.986,68.330,79.483,75.603
538,14.602,17.936,86.517,13.556,104.903,26.951,68.071,79.137,75.605
539,14.648,17.574,86.149,13.544,104.281,26.339,69.078,79.749,75.547
540,14.459,17.619,86.330,13.544,102.622,26.166,69.081,80.149,75.508
541,14.581,17.557,85.961,13.544,102.334,26.151,69.454,81.018,77.107
542,14.635,17.556,86.100,13.513,102.305,26.397,70.296,80.748,77.114
543,14.579,17.309,85.630,13.528,102.504,26.189,68.582,82.552,74.609
544,13.779,16.975,85.794,13.362,102.327,26.191,68.704,82.208,74.608
545,13.877,17.645,84.548,13.358,102.416,27.001,68.061,82.186,74.166
546,13.777,17.493,84.478,13.357,101.257,26.237,67.907,81.886,73.802
547,13.774,17.256,83.433,13.352,101.595,26.346,67.355,81.913,73.731
548,13.837,16.979,83.311,13.371,101.852,26.351,69.629,81.929,74.295
549,14.015,16.958,85.331,13.241,102.040,26.354,67.353,81.541,75.992
550,13.694,16.681,83.244,13.235,101.244,25.943,67.246,81.386,75.992
551,13.693,16.663,83.244,13.187,102.449,25.965,67.244,81.510,75.521
552,13.704,16.769,83.464,13.187,101.476,26.801,68.349,82.942,75.418
553,13.684,16.724,83.806,12.938,101.187,25.942,68.319,83.269,75.303
554,14.421,16.770,80.955,12.965,101.274,25.808,67.129,83.356,75.303
555,13.742,16.699,80.882,12.946,101.002,26.463,68.385,83.056,73.939
556,13.691,16.557,82.512,12.915,100.906,25.600,67.068,83.335,73.779
557,13.689,16.343,80.893,12.394,100.897,25.513,67.732,83.041,71.987
558,13.691,16.206,80.157,12.484,99.417,25.675,67.929,83.178,72.463
559,13.681,16.143,80.379,12.392,98.765,25.505,82.012,83.479,72.233
560,13.677,16.237,78.429,12.424,98.635,25.514,69.368,83.365,72.561
561,13.674,16.116,78.828,12.320,98.489,25.724,67.365,83.374,72.298
562,13.488,16.272,78.418,12.319,99.782,26.085,67.663,82.474,72.382
563,13.546,16.116,80.366,12.320,97.171,25.514,69.165,83.359,72.829
564,13.504,16.266,78.426,12.335,97.172,25.530,67.389,82.863,72.817
565,13.411,16.204,79.100,12.423,97.286,25.169,67.441,83.340,72.809
566,13.422,16.101,78.376,12.470,96.126,24.484,67.580,83.365,72.146
567,13.412,16.077,78.258,12.428,96.186,24.489,67.382,83.376,71.288
568,13.363,15.928,78.020,13.022,95.767,24.409,68.481,83.791,71.768
569,13.435,15.906,78.544,12.347,95.999,23.919,68.664,84.090,70.480
570,13.194,15.687,78.946,12.314,95.882,23.872,68.702,84.029,70.301
571,13.084,15.687,78.085,12.269,95.781,23.891,69.278,84.114,71.692
572,13.081,15.767,78.087,12.273,95.129,23.823,68.797,83.892,71.692
573,13.088,14.345,77.458,12.035,95.393,24.234,69.221,83.966,71.113
574,13.030,14.223,77.609,11.957,94.825,23.996,69.229,83.507,71.133
575,13.016,13.875,77.374,11.883,93.937,23.823,69.106,83.022,71.137
576,13.056,14.103,76.064,11.857,94.077,23.799,70.018,83.143,71.331
577,12.884,14.227,75.922,11.843,93.721,24.045,68.944,82.790,73.310
578,12.796,13.637,75.979,11.768,93.711,23.830,68.686,82.834,74.036
579,12.809,13.588,75.950,12.141,93.619,23.749,68.810,82.809,74.134
580,12.858,13.583,75.476,11.774,92.881,23.704,68.807,83.311,75.142
581,12.835,13.499,75.140,11.772,92.914,23.704,68.750,83.931,75.835
582,12.796,13.497,75.798,11.771,92.962,23.681,68.776,83.930,75.887
583,12.793,13.479,75.104,11.694,92.732,23.604,68.803,83.591,75.967
584,12.788,13.746,74.681,11.694,93.524,23.345,68.789,83.599,76.045
585,12.804,13.455,72.281,11.765,93.463,22.483,68.532,83.824,75.820
586,12.771,13.763,72.340,11.662,93.977,22.282,68.806,76.936,76.037
587,12.656,14.715,72.367,11.670,89.703,22.246,59.366,76.578,76.091
588,12.666,13.412,74.090,11.720,89.693,22.244,54.239,76.722,76.101
589,12.586,13.369,71.601,11.961,90.001,22.339,52.638,77.638,76.104
590,12.708,13.359,71.599,11.669,89.219,22.281,53.005,77.661,76.068
591,12.514,12.957,71.599,11.756,89.130,22.108,53.251,78.220,76.105
592,12.506,13.349,71.573,11.709,89.149,22.122,52.736,75.507,76.026
593,12.506,12.907,71.802,11.684,89.154,22.110,52.911,73.749,73.327
594,12.509,12.916,70.258,11.478,89.633,22.108,52.992,73.653,71.043
595,12.506,12.894,70.300,11.527,90.562,22.117,53.344,75.070,71.039
596,12.485,13.029,69.813,11.475,89.918,22.151,52.448,73.646,70.849
597,12.756,12.887,69.521,11.454,89.129,22.289,52.954,73.649,71.107
598,12.593,12.830,69.647,11.454,89.222,22.106,52.448,74.678,71.430
599,12.525,12.844,68.241,11.194,89.057,22.105,53.823,74.672,70.849
600,12.421,12.879,68.225,11.188,89.244,21.994,51.348,74.618,70.896
601,12.508,12.909,68.457,11.151,88.122,21.972,51.522,74.694,71.577
602,12.415,12.806,68.000,11.150,88.208,21.575,51.314,74.597,71.996
603,12.446,12.751,68.031,10.984,87.998,21.358,50.483,75.132,70.519
604,12.415,12.720,66.868,10.998,88.718,21.382,50.508,74.790,70.586
605,12.695,12.732,64.693,11.018,87.851,21.372,50.440,76.318,69.978
606,12.413,12.828,64.608,10.898,87.247,21.358,51.965,76.335,70.298
607,12.322,12.695,64.498,10.872,87.720,21.260,49.708,76.405,70.150
608,12.286,12.692,64.589,10.830,87.735,21.196,49.412,76.355,70.030
609,12.327,11.812,65.955,10.932,87.408,21.244,50.666,76.738,69.421
610,12.286,11.812,64.192,10.837,86.519,21.169,49.823,76.352,69.410
611,12.406,11.840,64.209,10.838,86.346,21.178,47.379,76.350,67.743
612,12.283,11.812,65.214,10.595,86.388,21.389,47.312,76.315,67.377
613,12.219,11.958,63.853,10.624,86.348,21.156,47.326,75.916,67.347
614,12.062,11.832,64.078,10.592,86.061,21.109,46.863,74.658,67.218
615,12.151,11.784,62.746,10.609,85.239,21.255,47.910,75.187,64.989
616,12.101,11.486,61.700,10.558,84.825,20.735,46.663,77.279,65.004
617,12.050,11.502,60.958,10.518,83.708,20.718,49.242,76.671,65.011
618,12.020,11.516,60.970,10.522,83.657,20.632,46.723,78.038,64.904
619,12.077,11.552,61.304,10.529,83.832,20.623,48.000,77.446,64.867
620,12.018,11.588,60.914,10.519,81.027,20.533,46.734,77.542,64.578
621,12.161,11.344,61.172,10.239,80.749,20.582,46.773,75.931,64.376
622,12.003,11.326,61.777,10.223,78.661,20.868,46.403,75.980,64.443
623,11.990,11.268,60.596,10.228,80.565,21.213,46.813,75.510,64.667
624,11.839,11.763,60.595,10.226,78.799,20.562,46.251,76.163,65.507
625,11.567,11.269,60.664,10.220,78.967,20.522,46.279,75.565,64.587
626,12.138,11.421,60.662,10.237,79.115,20.538,45.367,75.572,65.816
627,11.518,11.102,60.105,10.080,78.595,20.909,45.556,75.531,67.576
628,11.518,10.973,60.045,10.040,78.391,20.167,45.516,75.406,68.293
629,11.519,11.397,60.019,10.076,78.583,20.064,45.452,75.619,68.122
630,11.467,10.927,61.416,10.239,77.726,19.855,45.142,76.065,66.878
631,11.464,10.892,60.049,10.035,77.342,19.823,44.703,76.374,66.408
632,11.633,10.840,59.899,10.063,78.005,19.918,43.628,76.369,66.535
633,11.462,11.107,59.684,9.981,77.444,19.233,43.630,77.518,67.168
634,11.476,11.053,59.601,10.133,77.314,19.205,43.415,77.607,67.165
635,11.410,10.840,59.769,9.984,77.325,19.201,45.732,76.487,67.126
636,11.411,10.837,59.871,10.010,77.431,18.865,43.588,74.970,66.622
637,11.427,10.840,59.341,9.988,75.666,19.066,43.697,72.079,67.971
638,11.426,10.866,59.134,10.039,75.436,18.895,43.288,72.383,67.677
639,11.409,10.412,58.970,10.013,76.177,18.857,43.110,72.317,68.041
640,11.325,10.402,60.150,9.945,75.422,18.657,41.758,72.561,67.854
641,11.205,10.570,58.401,9.948,74.777,18.444,41.416,73.335,67.950
642,11.212,10.416,58.079,9.953,75.139,18.319,41.471,71.961,67.635
643,11.230,10.410,58.373,9.951,74.049,18.263,40.916,71.961,67.534
644,11.368,10.385,58.136,10.315,73.556,18.342,41.127,72.398,67.261
645,11.115,10.384,58.128,9.943,73.871,18.262,40.928,72.238,66.904
646,11.133,10.384,58.060,10.204,73.570,18.263,40.657,71.927,67.656
647,11.244,10.384,58.018,9.822,76.044,18.322,42.010,74.134,67.845
648,11.129,10.521,58.018,9.823,73.309,18.366,40.631,71.933,66.839
649,11.063,10.193,58.456,9.831,72.204,18.343,40.413,72.314,66.916
650,11.164,10.186,57.633,9.857,71.729,18.171,40.529,63.974,68.181
651,11.025,10.189,57.628,10.099,71.662,18.631,40.746,65.285,65.896
652,11.050,10.350,59.136,9.909,70.931,18.220,40.086,64.259,65.736
653,10.921,10.052,58.162,9.822,70.938,18.081,39.655,63.924,67.271
654,10.918,10.273,59.428,9.631,72.068,18.132,39.802,64.350,67.619
655,10.918,10.025,57.324,9.515,70.440,18.037,39.658,61.664,68.258
656,10.945,9.782,57.188,9.596,70.390,17.891,39.750,61.750,67.221
657,10.941,9.908,57.273,9.528,70.277,17.964,39.396,63.334,67.076
658,10.980,9.785,57.333,9.512,69.150,17.905,39.380,60.844,67.998
659,10.933,9.819,58.086,9.493,69.152,17.850,38.021,61.966,67.085
660,11.049,9.768,56.924,9.470,69.026,17.851,37.975,60.605,66.601
661,10.912,9.745,56.848,9.481,68.802,17.852,37.381,61.397,66.470
662,10.925,9.748,56.878,9.438,68.845,17.844,36.884,61.005,66.480
663,11.088,9.439,56.848,9.475,66.630,17.758,36.902,60.610,66.472
664,10.869,9.194,56.756,9.442,66.373,17.674,38.440,60.183,64.718
665,10.866,10.118,56.712,9.405,66.504,17.685,36.803,60.478,65.218
666,10.864,9.151,52.710,9.278,66.372,17.303,36.709,59.683,63.994
667,10.863,9.205,52.454,9.274,66.808,17.303,37.389,59.793,63.793
668,10.856,9.261,51.310,9.320,65.978,17.222,36.522,59.926,62.978
669,10.856,9.003,50.551,9.278,65.893,17.239,36.587,59.215,63.622
670,10.778,9.006,50.294,9.305,64.870,17.223,35.605,59.020,64.179
671,10.814,8.934,48.655,9.217,64.907,17.112,34.995,59.057,64.146
672,10.969,9.012,48.605,9.215,64.879,17.194,34.962,58.921,64.174
673,10.642,8.927,48.612,9.138,64.606,17.061,35.142,59.105,63.662
674,10.651,8.879,49.048,9.178,62.316,17.087,34.999,59.641,63.565
675,10.650,8.938,48.851,9.161,63.285,17.156,34.805,57.845,63.824
676,10.652,8.923,49.021,9.138,63.106,17.283,34.714,58.270,63.505
677,10.685,9.026,48.442,9.158,62.011,16.803,34.863,57.633,62.934
678,10.507,8.999,48.921,9.132,61.578,16.805,34.908,57.465,61.490
679,10.499,8.926,48.027,9.125,62.148,16.802,36.725,57.491,61.514
680,10.466,8.818,47.078,9.133,61.282,16.328,34.839,58.113,61.480
681,10.369,8.792,47.018,9.126,61.575,16.379,34.762,57.259,61.913
682,10.542,8.785,47.182,9.049,61.578,16.301,34.561,58.469,61.493
683,10.363,8.824,48.591,9.060,61.315,16.304,34.377,57.510,61.596
684,10.314,8.818,47.447,9.050,63.438,16.301,34.488,57.370,63.414
685,10.315,8.874,46.351,9.154,59.502,16.304,34.347,57.946,61.561
686,10.323,8.791,46.079,9.139,59.501,16.246,34.141,57.211,62.009
687,10.299,8.777,45.804,9.084,58.623,16.257,33.870,57.214,61.588
688,10.298,8.778,45.804,9.012,57.917,16.274,33.878,56.405,60.773
689,10.290,8.789,46.863,9.016,57.241,15.746,33.868,55.885,60.768
690,10.287,8.840,45.160,9.004,56.597,15.788,32.552,55.790,60.865
691,10.265,8.762,44.840,8.993,56.554,15.805,32.700,56.947,60.869
692,10.199,8.770,44.822,8.997,56.667,15.745,32.448,56.400,62.709
693,10.231,8.758,45.258,8.983,48.931,15.745,32.421,55.835,60.898
694,10.119,9.131,46.183,8.982,47.307,15.801,31.648,56.695,60.612
695,10.349,8.733,44.009,9.088,47.512,15.688,32.052,55.784,60.607
696,10.135,8.917,43.767,8.958,47.338,15.706,32.180,55.734,60.834
697,10.239,8.913,44.193,8.961,46.072,15.772,31.663,56.891,60.162
698,10.124,8.736,43.209,9.002,47.407,15.697,30.635,55.947,60.147
699,10.150,8.694,43.820,8.916,45.794,15.612,30.658,55.885,60.532
700,10.101,8.920,42.838,8.857,45.762,15.047,30.635,55.739,60.932
701,10.102,8.672,43.231,8.856,46.995,15.000,30.614,55.586,60.069
702,10.105,8.676,42.616,8.614,45.993,15.000,30.361,55.683,59.977
703,10.166,8.673,42.449,8.550,45.760,15.020,30.452,55.615,59.953
704,10.099,8.736,43.078,8.548,46.165,15.014,30.418,55.181,59.883
705,10.114,8.803,42.459,8.523,45.753,14.992,30.622,55.370,59.516
706,10.088,8.843,42.586,8.519,45.168,14.978,30.692,56.441,57.905
707,10.087,8.671,42.277,8.521,45.404,15.090,30.731,55.083,58.576
708,10.082,8.615,42.274,8.523,44.979,15.033,30.335,55.161,57.772
709,10.145,8.751,41.650,8.552,45.061,14.997,30.587,55.024,58.206
710,10.117,8.742,41.641,8.484,45.002,14.972,30.425,55.048,55.331
711,10.012,8.449,41.094,8.570,45.218,14.914,30.320,55.157,55.364
712,9.981,8.379,41.303,8.483,44.770,14.678,30.477,54.853,54.399
713,9.985,8.384,41.191,8.477,44.544,14.708,30.360,54.855,54.326
714,9.992,8.378,41.273,8.483,44.789,14.554,28.940,54.986,53.557
715,9.981,8.377,42.035,8.568,43.960,14.593,28.826,54.880,53.897
716,10.019,8.601,41.625,8.524,43.603,14.652,30.924,56.681,53.587
717,9.955,8.416,40.861,8.477,44.129,14.579,28.829,54.840,53.462
718,9.954,8.370,41.811,8.608,43.601,14.555,28.816,58.707,53.108
719,9.879,8.350,40.328,8.405,42.780,14.685,28.833,54.841,52.537
720,9.893,8.350,41.661,8.403,42.739,14.558,28.877,55.318,52.509
721,9.962,8.352,40.760,8.349,43.271,14.400,28.794,56.344,54.237
722,9.863,8.324,40.299,8.296,42.730,14.403,28.844,54.715,51.928
723,9.870,8.342,40.219,8.304,42.735,14.480,28.775,54.394,52.864
724,9.863,8.271,40.270,8.293,42.658,14.394,29.295,54.297,51.984
725,9.860,8.368,40.366,8.420,42.658,14.405,28.770,54.181,51.906
726,9.825,8.305,40.049,8.302,41.888,14.424,28.716,57.116,51.694
727,9.772,8.302,39.949,8.361,41.288,14.409,28.939,54.169,51.703
728,9.797,8.222,39.753,8.289,41.425,14.316,28.652,49.736,51.816
729,9.625,8.209,42.887,8.288,41.147,14.401,28.898,49.758,51.880
730,9.623,8.331,39.757,8.244,41.106,14.317,28.567,51.094,51.288
731,9.551,8.214,39.939,8.239,41.101,14.309,28.659,49.963,51.022
732,9.626,8.226,39.449,8.327,41.603,14.407,28.580,52.068,51.008
733,9.538,8.234,39.491,8.315,41.106,14.332,28.284,49.774,50.961
734,9.678,8.211,39.480,8.235,40.893,14.882,28.251,49.728,51.100
735,9.535,8.206,42.092,8.257,40.675,13.010,28.291,49.533,51.704
736,9.518,8.208,39.280,8.266,40.632,12.983,28.700,47.452,52.401
737,9.561,8.238,40.406,8.232,40.354,12.890,28.267,47.525,51.182
738,9.505,8.237,39.111,8.270,39.516,14.222,28.299,46.854,49.628
739,9.418,8.206,39.106,8.231,41.880,12.915,28.038,46.960,49.380
740,9.054,8.220,35.797,8.168,39.563,12.910,28.155,46.787,51.623
741,9.035,8.228,35.766,8.167,39.431,12.893,28.401,47.208,49.327
742,9.568,8.187,35.067,8.164,39.718,12.826,28.050,46.880,52.916
743,9.032,8.315,35.108,8.173,40.238,12.799,28.387,45.879,49.319
744,9.035,8.210,34.723,8.207,39.602,12.818,29.770,45.712,48.291
745,8.960,8.187,35.160,8.160,40.085,12.802,28.038,45.374,47.564
746,8.964,8.207,34.404,8.170,39.496,12.793,27.612,46.051,47.531
747,8.988,8.197,34.485,8.240,39.122,12.801,27.538,45.337,47.167
748,8.964,8.180,34.262,8.071,39.148,12.837,27.601,45.238,46.969
749,8.981,8.196,33.797,8.071,39.059,12.770,27.585,45.223,46.946
750,8.959,8.096,33.904,8.071,38.942,12.769,27.113,44.682,46.725
751,8.958,8.098,34.162,8.796,38.941,12.685,26.414,44.435,46.706
752,8.943,8.119,33.937,7.892,39.002,12.714,26.146,43.798,46.734
753,8.944,8.091,33.801,7.905,38.984,12.827,26.397,43.541,46.694
754,8.919,8.092,34.599,7.912,38.934,12.673,25.957,43.519,46.703
755,9.061,8.117,33.782,7.890,38.937,12.666,25.764,43.988,47.115
756,8.899,8.096,33.543,7.904,39.138,12.624,27.019,43.831,46.318
757,8.912,8.122,33.407,7.830,38.546,12.611,27.197,42.460,46.325
758,8.913,8.368,33.065,7.557,38.540,12.611,25.776,42.510,46.390
759,8.758,8.006,32.902,7.559,38.609,12.559,25.774,42.305,46.307
760,8.718,7.977,32.910,7.554,38.985,12.690,25.790,41.822,45.874
761,8.725,8.003,32.833,7.478,38.475,12.764,25.768,41.883,45.938
762,8.676,8.094,33.289,7.422,38.543,12.603,25.792,41.715,45.611
763,8.664,8.022,32.973,7.422,38.439,12.604,25.926,41.355,45.632
764,8.642,7.993,32.843,7.404,38.367,12.555,25.751,41.347,45.579
765,8.642,7.985,32.832,7.406,38.518,12.559,26.463,41.738,46.108
766,8.647,7.974,32.979,7.411,38.444,12.552,25.702,39.706,45.579
767,8.764,7.969,33.033,7.377,35.757,12.550,25.543,39.678,45.428
768,8.643,7.935,32.821,7.375,36.372,12.604,25.671,40.127,47.195
769,8.514,8.208,32.809,7.374,35.789,12.472,25.525,39.652,45.432
770,8.517,7.935,32.816,7.426,35.851,12.506,25.604,39.641,45.937
771,8.533,7.877,31.227,7.382,36.338,12.471,25.528,39.556,45.502
772,9.079,7.880,31.741,7.480,35.919,12.471,25.719,39.608,44.738
773,8.513,7.900,30.715,7.351,36.360,12.460,25.707,39.872,45.106
774,8.515,7.887,30.708,7.356,35.125,12.530,25.585,38.962,45.057
775,8.576,7.873,30.606,7.417,38.383,12.528,25.524,38.956,44.785
776,8.545,7.873,30.580,7.362,35.059,12.537,25.613,38.860,43.872
777,8.540,7.871,30.120,7.376,35.773,12.469,25.108,38.967,44.343
778,8.420,7.869,30.778,7.345,35.063,12.307,24.963,38.720,43.766
779,8.419,7.909,30.120,7.330,35.202,12.307,24.897,38.697,43.716
780,8.293,7.869,30.999,7.328,34.980,12.293,24.525,38.978,43.587
781,8.293,7.843,30.090,7.414,34.694,12.374,23.802,38.948,43.394
782,8.290,7.749,30.105,7.305,36.490,12.208,23.855,38.083,43.685
783,8.386,7.879,30.056,7.300,34.557,11.821,24.071,38.088,43.606
784,8.231,7.853,29.465,7.328,34.306,11.973,23.701,38.010,43.521
785,8.287,7.750,29.603,7.298,35.074,11.837,23.691,38.583,43.746
786,8.142,7.815,29.632,7.309,34.269,11.821,23.124,38.677,43.186
787,8.137,7.755,29.497,7.293,32.779,11.705,23.140,37.772,43.184
788,8.139,7.787,29.327,7.282,32.947,11.705,22.654,37.615,43.527
789,8.141,7.803,29.426,7.282,33.217,11.706,22.709,37.627,42.296
790,8.137,7.775,29.564,7.288,32.784,11.591,21.500,37.374,41.873
791,8.142,7.758,29.335,7.279,33.684,11.666,21.802,37.769,41.879
792,8.280,7.757,29.347,8.165,32.672,11.589,21.500,37.310,43.128
793,8.114,7.749,28.777,7.289,32.672,11.455,21.240,37.292,41.876
794,8.115,7.756,28.580,7.280,32.672,11.470,21.307,36.950,41.885
795,8.117,7.586,30.003,7.287,32.799,11.495,21.159,36.408,40.808
796,8.116,7.602,28.827,7.435,32.456,11.444,21.157,36.706,40.659
797,8.116,7.588,28.393,7.294,31.953,11.455,20.998,36.410,40.329
798,8.102,7.528,28.152,7.282,31.990,11.336,20.998,36.720,40.375
799,8.066,7.539,27.976,7.340,31.791,11.559,20.957,36.737,40.203
800,8.055,7.988,28.058,7.438,31.231,11.323,20.958,36.366,40.134
801,8.245,7.541,28.292,7.281,31.280,11.337,20.473,36.291,40.133
802,8.057,7.530,27.879,7.325,31.628,11.357,20.460,36.157,39.354
803,7.948,7.528,27.320,7.269,31.407,11.318,21.817,36.197,39.267
804,7.944,7.526,27.278,7.275,31.080,11.318,21.282,34.365,38.874
805,7.956,7.527,27.578,7.246,30.933,11.258,20.390,34.349,38.260
806,7.949,7.526,27.280,7.285,30.681,11.262,20.807,34.578,38.675
807,7.895,7.581,27.243,7.192,30.457,11.274,19.789,34.893,37.945
808,7.895,7.528,27.173,7.215,30.497,11.300,19.828,34.488,37.109
809,8.000,7.535,27.268,7.112,30.553,11.451,19.792,34.310,37.418
810,7.903,7.529,27.098,7.111,31.302,11.252,19.747,34.231,36.412
811,7.912,7.521,26.965,7.090,30.288,11.258,19.747,34.038,36.412
812,7.895,7.512,26.960,7.084,30.799,11.170,19.731,33.975,36.857
813,7.898,7.505,26.896,7.104,30.295,11.181,19.695,33.192,36.546
814,7.883,7.512,26.782,7.072,30.226,11.203,19.684,32.919,36.529
815,7.897,7.529,26.694,7.032,30.511,11.172,19.685,32.969,37.168
816,7.884,7.583,26.487,7.033,30.427,11.148,19.682,33.148,35.776
817,7.883,7.548,25.961,7.045,30.370,11.115,19.694,32.919,36.334
818,7.907,7.501,25.936,7.046,30.362,11.119,19.820,32.989,35.724
819,7.829,7.527,25.933,7.028,30.472,11.247,19.463,32.919,35.980
820,7.797,7.481,26.085,7.028,30.276,11.164,19.557,32.914,35.772
821,7.761,7.540,25.827,6.998,30.746,10.973,19.352,32.982,35.843
822,7.759,7.471,25.765,7.118,29.895,10.973,19.344,32.860,35.515
823,7.928,7.468,25.666,6.943,29.986,11.031,19.601,32.074,35.492
824,7.794,7.467,25.666,6.974,29.835,10.995,19.336,32.014,35.600
825,7.795,7.460,25.647,6.967,30.165,11.109,19.336,31.939,35.509
826,7.786,7.461,26.001,6.859,30.229,10.896,19.072,31.736,35.361
827,7.699,7.466,25.663,6.881,30.225,10.816,18.675,31.725,35.293
828,7.703,7.456,25.655,6.816,29.778,10.820,18.675,31.516,35.802
829,7.699,7.481,26.106,6.796,29.902,10.859,18.916,30.954,35.339
830,7.785,7.474,25.646,6.761,29.377,10.955,18.675,31.203,35.277
831,7.712,7.549,25.221,6.768,29.563,10.904,18.938,30.770,35.481
832,7.710,7.512,25.539,6.750,29.378,10.817,18.950,31.408,35.223
833,7.720,7.454,25.175,6.737,29.483,10.872,18.763,31.098,35.251
834,7.662,7.479,24.292,6.717,29.291,10.835,19.628,30.789,34.050
835,7.663,7.427,24.414,6.726,29.296,10.999,18.683,31.292,34.102
836,7.668,7.431,24.750,6.715,29.344,10.815,18.737,31.362,32.664
837,7.704,7.477,24.347,6.651,29.486,10.858,18.591,30.825,33.009
838,7.776,7.416,24.482,6.550,29.637,10.812,18.585,30.676,33.517
839,7.664,7.446,24.132,6.549,28.731,10.774,18.724,30.826,32.236
840,7.671,7.462,24.247,6.554,28.319,10.779,19.022,30.934,32.177
841,7.668,7.409,24.130,6.549,28.330,10.556,19.096,30.645,32.233
842,7.662,7.409,24.197,6.579,28.320,10.497,18.559,30.699,32.806
843,7.660,7.401,24.889,6.603,28.328,10.404,18.218,30.980,31.729
844,7.649,7.404,24.047,6.552,28.266,10.115,18.234,30.649,31.625
845,7.859,7.376,24.126,6.575,28.205,10.126,19.180,30.812,31.532
846,7.647,7.365,24.747,6.559,28.442,10.112,18.190,30.556,31.870
847,7.645,7.310,24.024,6.547,28.205,9.230,18.197,30.517,31.535
848,7.641,7.320,24.082,6.660,26.094,9.220,18.263,30.229,31.468
849,7.674,7.321,23.960,6.550,26.347,9.299,18.188,30.012,31.410
850,7.621,7.298,23.921,6.527,26.096,9.175,17.954,30.445,31.291
851,7.618,7.338,24.110,6.521,26.381,9.396,17.939,30.001,31.301
852,7.626,7.295,23.906,6.516,26.537,9.018,17.613,30.489,31.525
853,7.618,7.428,24.122,6.516,25.765,9.009,17.404,30.113,31.421
854,7.616,7.309,23.937,6.513,25.860,9.045,16.693,30.003,30.040
855,7.612,7.348,25.876,6.509,25.917,8.992,16.713,30.044,29.692
856,7.631,7.377,23.904,6.520,25.735,8.987,16.611,30.080,29.580
857,7.617,7.299,23.757,6.457,25.701,8.891,16.593,30.062,29.068
858,7.664,7.285,23.729,6.458,25.836,8.873,16.497,29.900,29.052
859,7.703,7.285,23.704,6.476,25.700,8.914,16.361,29.898,29.067
860,7.611,7.280,23.610,6.462,25.700,8.874,15.778,29.949,29.060
861,7.636,7.304,23.624,6.463,25.947,8.847,15.628,30.046,28.423
862,7.626,7.273,23.366,6.463,25.667,9.003,15.638,29.807,29.660
863,7.617,7.243,23.283,6.457,25.245,8.852,15.527,29.630,30.646
864,7.609,7.237,23.249,6.446,26.346,8.714,15.775,29.665,28.331
865,7.530,7.266,23.270,6.444,25.262,8.656,15.364,29.596,28.364
866,7.576,7.206,22.823,6.444,25.060,8.664,15.375,29.573,28.400
867,7.491,7.205,22.775,6.445,25.324,8.704,15.372,29.651,28.741
868,7.530,7.218,22.776,6.447,25.095,8.656,15.469,30.189,28.322
869,7.489,7.206,22.519,6.468,25.173,8.650,15.376,29.632,28.187
870,7.497,7.209,22.561,6.437,25.060,8.577,15.465,29.546,27.832
871,7.469,7.225,22.603,6.471,25.458,8.606,15.385,29.535,27.915
872,7.484,7.219,22.662,6.441,25.061,8.548,15.065,30.012,28.064
873,7.519,7.201,22.246,6.432,25.219,8.859,15.066,29.494,27.983
874,7.465,7.218,21.673,6.445,24.811,8.563,15.099,29.514,27.363
875,7.470,7.140,22.325,6.396,24.852,8.577,15.068,29.619,27.727
876,7.468,7.141,21.630,6.397,24.804,8.492,14.939,31.029,26.894
877,7.498,7.139,21.274,6.407,24.642,8.477,15.195,29.516,26.754
878,7.447,7.151,21.536,6.414,24.600,8.356,14.887,29.507,26.733
879,7.447,7.120,21.392,6.372,24.554,8.393,15.050,29.169,27.090
880,7.426,7.160,21.166,6.374,24.292,8.366,14.920,29.198,26.460
881,7.290,7.125,21.108,6.288,22.138,8.344,15.364,29.216,26.475
882,7.299,7.120,21.108,6.300,22.127,8.108,14.928,29.291,26.536
883,7.323,7.096,21.283,6.327,22.130,8.125,14.953,28.925,26.626
884,7.290,7.061,21.107,6.274,21.933,8.094,14.901,28.961,26.190
885,7.232,7.061,21.110,6.261,21.563,8.088,15.166,29.022,26.182
886,7.426,7.058,21.172,6.281,21.711,8.085,15.024,28.841,26.163
887,7.240,7.063,21.219,6.267,20.987,8.166,14.791,28.854,26.152
888,7.230,7.062,21.232,6.257,20.875,8.114,14.751,28.494,26.127
889,7.230,7.063,20.759,6.228,20.893,8.095,15.204,28.485,26.619
890,7.226,7.088,20.871,6.309,21.230,8.179,14.737,28.243,26.167
891,7.251,7.066,20.821,6.235,20.800,8.167,14.749,28.279,26.209
892,7.265,7.085,21.041,6.233,20.830,8.091,14.754,27.998,26.141
893,7.226,7.051,20.775,6.231,20.673,8.074,14.743,27.990,26.114
894,7.226,7.050,20.734,6.271,20.674,8.069,14.492,28.223,26.762
895,7.198,7.057,21.012,6.177,20.699,8.087,14.508,28.006,26.300
896,7.204,7.013,20.738,6.188,20.637,8.067,14.491,27.786,26.102
897,7.199,6.931,20.676,6.178,20.644,8.064,14.564,27.784,26.025
898,7.360,6.936,20.866,6.184,20.667,8.109,14.443,27.810,25.873
899,7.300,6.931,20.905,6.112,20.638,8.064,14.544,27.750,25.577
900,7.292,6.925,20.681,6.053,20.519,7.927,14.498,27.752,25.565
901,7.206,7.032,20.601,6.030,20.037,7.923,14.470,27.619,25.555
902,7.199,6.925,21.006,6.029,20.172,7.922,14.399,27.633,25.537
903,7.192,6.925,20.659,6.028,20.032,7.920,14.401,27.871,25.682
904,7.196,6.922,20.321,6.035,20.387,7.992,14.795,27.478,25.533
905,7.193,6.920,20.242,6.029,20.857,7.895,14.463,27.504,25.016
906,7.192,6.983,20.258,6.033,20.105,7.828,14.399,27.538,25.575
907,7.139,6.851,20.183,6.029,20.286,7.677,14.543,27.478,25.016
908,7.143,6.851,20.194,6.012,20.103,7.679,13.644,27.361,25.099
909,7.151,6.856,19.790,6.004,20.027,7.658,13.551,27.470,27.659
910,7.148,6.859,19.918,6.053,20.042,7.663,13.546,27.433,24.997
911,7.112,6.853,20.147,6.071,20.467,7.664,13.547,27.374,24.965
912,7.124,6.830,19.835,5.995,20.030,7.648,13.621,27.334,24.964
913,7.241,6.836,20.178,5.993,20.070,7.686,13.439,27.272,24.751
914,7.111,6.694,19.626,5.983,20.194,7.666,13.830,27.268,24.464
915,7.076,6.693,19.632,6.003,20.002,7.670,13.423,27.285,24.907
916,7.097,6.696,19.656,5.947,19.999,7.649,13.414,27.743,24.504
917,7.103,6.695,19.483,5.946,18.847,7.646,13.421,27.303,24.462
918,7.070,6.693,19.444,5.943,19.516,7.709,13.445,27.243,24.474
919,7.125,6.764,19.382,5.957,18.853,7.898,13.414,27.153,24.486
920,7.141,6.682,19.029,5.928,18.584,7.646,13.433,27.153,24.058
921,7.071,6.684,19.084,5.923,18.438,7.653,13.470,26.505,24.052
922,7.069,6.647,18.934,5.890,18.433,7.601,13.487,26.621,24.516
923,7.078,6.649,18.916,5.834,18.386,7.579,13.580,28.167,24.097
924,7.077,6.648,19.152,5.802,18.645,7.593,13.397,26.342,23.738
925,7.077,6.631,19.001,5.750,18.343,7.579,13.397,26.211,24.510
926,7.084,6.618,18.916,5.750,18.376,7.673,13.406,26.015,23.724
927,7.049,6.611,18.916,5.765,18.341,7.567,13.409,26.428,23.716
928,7.010,6.618,18.948,5.753,18.332,7.568,13.301,25.984,23.635
929,7.014,6.602,18.877,5.751,18.347,7.567,13.267,25.958,23.549
930,7.010,6.613,18.804,5.767,19.587,7.608,13.225,25.838,23.038
931,7.081,6.616,18.906,5.746,17.778,7.555,13.263,25.596,22.772
932,7.005,6.583,19.819,5.746,17.750,7.590,13.413,25.464,22.768
933,6.987,6.583,18.748,5.754,17.695,7.583,12.970,25.592,22.698
934,6.935,6.583,18.721,5.816,17.391,7.464,13.379,25.483,22.709
935,6.950,6.603,18.669,5.770,17.332,7.462,12.970,25.541,22.830
936,6.984,6.548,18.660,5.745,16.990,7.503,13.036,25.054,22.878
937,6.875,6.657,18.662,5.746,17.034,7.474,13.119,25.048,22.694
938,6.869,6.565,18.646,5.759,17.137,7.493,12.885,25.001,22.658
939,6.887,6.550,18.621,5.808,16.989,7.263,12.844,24.554,22.657
940,6.847,6.561,18.886,5.763,16.989,7.263,12.863,24.541,22.655
941,6.876,6.551,18.754,5.813,17.195,7.267,12.842,24.405,22.765
942,6.832,6.656,18.325,5.728,16.908,7.264,12.934,24.405,22.585
943,6.818,6.576,18.257,5.728,16.908,7.265,12.862,24.249,22.499
944,6.723,6.512,18.256,5.730,16.819,7.255,12.774,24.309,22.560
945,6.695,6.568,18.136,5.748,16.819,7.322,13.285,24.415,23.557
946,6.691,6.314,18.262,5.728,17.614,7.231,12.837,24.056,22.492
947,6.691,6.314,18.120,5.689,16.634,7.259,12.835,24.349,22.413
948,6.690,6.314,18.138,5.661,16.642,7.218,12.677,23.858,20.296
949,6.727,6.226,18.119,5.673,16.621,7.218,12.772,23.810,20.150
950,6.730,6.226,18.121,5.713,16.593,7.161,12.655,23.817,19.980
951,6.696,6.215,18.076,5.662,16.594,7.231,12.666,24.177,20.028
952,6.696,6.217,18.008,5.661,16.679,7.173,12.652,23.891,19.977
953,6.690,6.135,17.953,5.644,16.630,7.135,12.687,24.360,19.196
954,6.691,6.134,17.955,5.644,16.697,7.138,13.083,24.155,18.987
955,6.710,6.134,17.946,5.624,16.816,7.120,12.660,23.357,19.011
956,6.687,6.132,17.970,5.625,16.583,7.126,12.616,23.681,19.010
957,6.892,6.351,18.058,5.626,16.727,7.104,12.538,23.263,18.912
958,6.711,6.026,17.896,5.593,16.576,7.086,12.504,23.292,18.212
959,6.603,6.060,18.012,5.572,16.420,7.087,12.672,23.283,18.211
960,6.603,6.027,18.290,5.577,16.513,7.066,12.538,23.730,18.184
961,6.599,5.972,17.750,5.574,16.475,7.054,12.998,23.262,18.210
962,6.606,5.971,17.622,5.572,16.288,7.080,12.444,23.261,18.126
963,6.596,5.955,17.530,5.618,16.279,7.119,12.531,22.644,18.119
964,6.598,5.966,17.500,5.604,16.275,7.129,12.568,22.341,17.404
965,6.659,5.950,17.540,5.578,17.048,7.063,12.519,22.543,17.608
966,6.603,5.923,17.501,5.594,16.442,7.071,12.434,22.345,17.375
967,6.618,5.865,17.489,5.587,16.273,7.042,12.174,22.346,17.534
968,6.665,5.889,17.322,5.573,16.359,6.987,12.193,22.312,17.377
969,6.609,5.892,17.628,5.574,16.307,6.990,12.175,22.312,17.367
970,6.596,5.866,17.309,5.574,16.282,6.988,12.204,22.469,17.338
971,6.602,5.865,17.291,5.532,16.297,6.904,12.153,22.308,17.272
972,6.619,5.880,17.154,5.754,15.907,6.672,12.204,22.102,17.997
973,6.626,5.897,16.913,5.529,15.894,6.673,12.182,22.171,17.245
974,6.596,5.868,16.875,5.541,15.807,6.763,12.167,22.118,17.162
975,6.597,5.865,16.842,5.528,15.783,6.680,12.152,22.022,17.161
976,6.598,5.719,17.077,5.535,15.791,6.641,12.185,22.015,17.084
977,6.606,5.710,16.895,5.552,15.783,6.761,12.279,22.009,16.397
978,6.587,5.696,17.326,5.545,15.779,6.651,12.680,21.888,16.518
979,6.586,5.699,16.843,5.539,15.704,6.620,12.066,21.910,16.385
980,6.589,5.697,16.982,5.590,15.724,6.591,12.128,21.876,16.488
981,6.581,5.751,17.147,5.553,15.580,6.587,12.038,21.690,16.262
982,6.559,5.703,16.842,5.529,15.581,6.745,12.098,21.948,16.125
983,6.575,5.714,16.942,5.541,15.607,6.587,12.144,21.521,16.199
984,6.566,5.719,16.829,5.541,15.568,6.577,12.195,21.516,16.125
985,6.438,5.696,16.738,5.621,15.598,6.613,12.041,21.473,16.082
986,6.443,5.716,16.738,5.514,15.581,6.674,12.069,21.483,16.123
987,6.880,5.691,16.777,5.537,15.553,6.577,12.053,21.653,16.109
988,6.344,5.816,16.633,5.492,15.601,6.575,12.033,21.506,16.331
989,6.313,5.693,16.626,5.494,15.716,6.577,12.034,21.475,15.925
990,6.332,5.695,16.580,5.466,15.565,6.566,11.946,21.477,15.925
991,6.390,5.698,16.557,5.492,15.539,6.567,11.936,21.483,15.987
992,6.310,5.690,16.889,5.467,15.585,6.554,11.910,21.479,16.017
993,6.326,5.713,16.595,5.471,15.316,6.556,11.908,21.493,15.957
994,6.323,5.689,16.586,5.466,15.265,6.568,11.928,21.650,15.963
995,6.340,5.694,16.576,5.463,15.434,6.554,11.930,21.582,15.923
996,6.307,5.687,16.558,5.466,15.140,6.586,11.925,21.481,15.916
997,6.262,5.688,16.327,5.406,15.388,6.537,11.744,21.486,15.579
998,6.314,5.673,16.318,5.411,15.114,6.531,11.712,21.485,15.595
999,6.321,5.773,16.354,5.411,15.139,6.539,11.580,21.471,15.604
