gridWorld,strategy,maxIteration,gamma,lastMaxDelta,rewards,numOfActions,runningTime
large,valueIteration,5,0.8,0.30992069205130957,-4547,4547,4.53592206E8
large,valueIteration,5,0.8,0.30992069205130957,-15581,15581,1.5036665E8
large,valueIteration,5,0.8,0.30992069205130957,-11198,11198,9.0079545E7
large,valueIteration,5,0.8,0.30992069205130957,-19407,19407,1.02627461E8
large,valueIteration,5,0.8,0.30992069205130957,-5955,5955,1.13312882E8
large,valueIteration,5,0.8,0.30992069205130957,-863,863,9.0796737E7
large,valueIteration,5,0.8,0.30992069205130957,-2522,2522,8.680984E7
large,valueIteration,5,0.8,0.30992069205130957,-12796,12796,8.5244304E7
large,valueIteration,5,0.8,0.30992069205130957,-21,21,6.7201456E7
large,valueIteration,5,0.8,0.30992069205130957,-1955,1955,1.0825315E8
large,valueIteration,5,0.9,1.4431091270404242,-45603,45603,1.08754121E8
large,valueIteration,5,0.9,1.4431091270404242,-6151,6151,5.9106356E7
large,valueIteration,5,0.9,1.4431091270404242,-36605,36605,5.8905496E7
large,valueIteration,5,0.9,1.4431091270404242,-85552,85552,8.3339274E7
large,valueIteration,5,0.9,1.4431091270404242,-9042,9042,7.6184677E7
large,valueIteration,5,0.9,1.4431091270404242,-3048,3048,6.3564688E7
large,valueIteration,5,0.9,1.4431091270404242,-14414,14414,5.8220205E7
large,valueIteration,5,0.9,1.4431091270404242,-9686,9686,5.6475863E7
large,valueIteration,5,0.9,1.4431091270404242,-5388,5388,5.6325808E7
large,valueIteration,5,0.9,1.4431091270404242,-23091,23091,7.6047225E7
large,valueIteration,5,0.99,5.611434145520414,-18344,18344,7.7585191E7
large,valueIteration,5,0.99,5.611434145520414,-48851,48851,1.28778799E8
large,valueIteration,5,0.99,5.611434145520414,-4862,4862,9.7900134E7
large,valueIteration,5,0.99,5.611434145520414,-337,337,7.8193683E7
large,valueIteration,5,0.99,5.611434145520414,-2063,2063,7.0896908E7
large,valueIteration,5,0.99,5.611434145520414,-51196,51196,6.5082568E7
large,valueIteration,5,0.99,5.611434145520414,-35334,35334,1.18884614E8
large,valueIteration,5,0.99,5.611434145520414,-18955,18955,6.088772E7
large,valueIteration,5,0.99,5.611434145520414,-16466,16466,5.5293539E7
large,valueIteration,5,0.99,5.611434145520414,-27828,27828,1.14489299E8
large,valueIteration,10,0.8,0.0072189933930308925,-22,22,1.24778905E8
large,valueIteration,10,0.8,0.0072189933930308925,-19,19,1.12799308E8
large,valueIteration,10,0.8,0.0072189933930308925,-28,28,1.07541865E8
large,valueIteration,10,0.8,0.0072189933930308925,-26,26,1.07083822E8
large,valueIteration,10,0.8,0.0072189933930308925,-21,21,2.32188437E8
large,valueIteration,10,0.8,0.0072189933930308925,-30,30,1.8406328E8
large,valueIteration,10,0.8,0.0072189933930308925,-28,28,1.48864524E8
large,valueIteration,10,0.8,0.0072189933930308925,-17,17,1.27502346E8
large,valueIteration,10,0.8,0.0072189933930308925,-27,27,1.14121841E8
large,valueIteration,10,0.8,0.0072189933930308925,-21,21,1.06529682E8
large,valueIteration,10,0.9,0.3408969494136542,-26,26,1.05985387E8
large,valueIteration,10,0.9,0.3408969494136542,-27,27,1.06044071E8
large,valueIteration,10,0.9,0.3408969494136542,-16,16,1.06908561E8
large,valueIteration,10,0.9,0.3408969494136542,-17,17,1.09791116E8
large,valueIteration,10,0.9,0.3408969494136542,-19,19,1.06275652E8
large,valueIteration,10,0.9,0.3408969494136542,-24,24,1.06124808E8
large,valueIteration,10,0.9,0.3408969494136542,-18,18,1.06554494E8
large,valueIteration,10,0.9,0.3408969494136542,-19,19,1.07136204E8
large,valueIteration,10,0.9,0.3408969494136542,-19,19,1.08496546E8
large,valueIteration,10,0.9,0.3408969494136542,-24,24,1.06506445E8
large,valueIteration,10,0.99,8.822993318274005,-20,20,1.45257688E8
large,valueIteration,10,0.99,8.822993318274005,-17,17,2.64383729E8
large,valueIteration,10,0.99,8.822993318274005,-15,15,1.76666075E8
large,valueIteration,10,0.99,8.822993318274005,-16,16,1.4613675E8
large,valueIteration,10,0.99,8.822993318274005,-16,16,1.24651693E8
large,valueIteration,10,0.99,8.822993318274005,-19,19,1.11171151E8
large,valueIteration,10,0.99,8.822993318274005,-21,21,1.06126779E8
large,valueIteration,10,0.99,8.822993318274005,-21,21,1.50023217E8
large,valueIteration,10,0.99,8.822993318274005,-20,20,2.13908889E8
large,valueIteration,10,0.99,8.822993318274005,-20,20,1.66765194E8
large,valueIteration,15,0.8,6.872613035469044E-5,-18,18,1.97480019E8
large,valueIteration,15,0.8,6.872613035469044E-5,-25,25,1.6611141E8
large,valueIteration,15,0.8,6.872613035469044E-5,-20,20,1.58707116E8
large,valueIteration,15,0.8,6.872613035469044E-5,-22,22,1.62927957E8
large,valueIteration,15,0.8,6.872613035469044E-5,-23,23,1.58004102E8
large,valueIteration,15,0.8,6.872613035469044E-5,-24,24,1.58856383E8
large,valueIteration,15,0.8,6.872613035469044E-5,-17,17,1.58329811E8
large,valueIteration,15,0.8,6.872613035469044E-5,-22,22,2.20783068E8
large,valueIteration,15,0.8,6.872613035469044E-5,-15,15,2.99051581E8
large,valueIteration,15,0.8,6.872613035469044E-5,-18,18,2.14555977E8
large,valueIteration,15,0.9,0.03990081020449665,-20,20,1.2878392E8
large,valueIteration,15,0.9,0.03990081020449665,-32,32,1.38213367E8
large,valueIteration,15,0.9,0.03990081020449665,-27,27,3.24393173E8
large,valueIteration,15,0.9,0.03990081020449665,-19,19,2.31878875E8
large,valueIteration,15,0.9,0.03990081020449665,-28,28,1.83580819E8
large,valueIteration,15,0.9,0.03990081020449665,-22,22,1.5986699E8
large,valueIteration,15,0.9,0.03990081020449665,-27,27,1.59234081E8
large,valueIteration,15,0.9,0.03990081020449665,-19,19,1.57214835E8
large,valueIteration,15,0.9,0.03990081020449665,-21,21,1.58853232E8
large,valueIteration,15,0.9,0.03990081020449665,-30,30,1.57730379E8
large,valueIteration,15,0.99,9.809100915014135,-23,23,1.60681463E8
large,valueIteration,15,0.99,9.809100915014135,-20,20,3.25254512E8
large,valueIteration,15,0.99,9.809100915014135,-22,22,2.35157639E8
large,valueIteration,15,0.99,9.809100915014135,-22,22,2.15391717E8
large,valueIteration,15,0.99,9.809100915014135,-19,19,3.08851638E8
large,valueIteration,15,0.99,9.809100915014135,-21,21,2.21524679E8
large,valueIteration,15,0.99,9.809100915014135,-25,25,1.77994121E8
large,valueIteration,15,0.99,9.809100915014135,-17,17,2.51209598E8
large,valueIteration,15,0.99,9.809100915014135,-16,16,2.68267045E8
large,valueIteration,15,0.99,9.809100915014135,-19,19,2.00125873E8
large,valueIteration,20,0.8,2.7001512137303507E-11,-20,20,2.77418832E8
large,valueIteration,20,0.8,2.7001512137303507E-11,-26,26,3.71040229E8
large,valueIteration,20,0.8,2.7001512137303507E-11,-19,19,2.56854191E8
large,valueIteration,20,0.8,2.7001512137303507E-11,-19,19,2.17648845E8
large,valueIteration,20,0.8,2.7001512137303507E-11,-19,19,2.10058655E8
large,valueIteration,20,0.8,2.7001512137303507E-11,-21,21,2.12686786E8
large,valueIteration,20,0.8,2.7001512137303507E-11,-19,19,2.09055925E8
large,valueIteration,20,0.8,2.7001512137303507E-11,-15,15,2.09430472E8
large,valueIteration,20,0.8,2.7001512137303507E-11,-17,17,3.96030905E8
large,valueIteration,20,0.8,2.7001512137303507E-11,-19,19,2.84417859E8
large,valueIteration,20,0.9,3.6851827671213755E-5,-16,16,3.69405376E8
large,valueIteration,20,0.9,3.6851827671213755E-5,-24,24,3.116377E8
large,valueIteration,20,0.9,3.6851827671213755E-5,-16,16,2.38255627E8
large,valueIteration,20,0.9,3.6851827671213755E-5,-21,21,2.10666753E8
large,valueIteration,20,0.9,3.6851827671213755E-5,-21,21,2.12060966E8
large,valueIteration,20,0.9,3.6851827671213755E-5,-27,27,2.09437561E8
large,valueIteration,20,0.9,3.6851827671213755E-5,-16,16,2.12255919E8
large,valueIteration,20,0.9,3.6851827671213755E-5,-23,23,2.10181141E8
large,valueIteration,20,0.9,3.6851827671213755E-5,-22,22,2.1164152E8
large,valueIteration,20,0.9,3.6851827671213755E-5,-17,17,2.10224464E8
large,valueIteration,20,0.99,8.511260575487292,-20,20,3.44516313E8
large,valueIteration,20,0.99,8.511260575487292,-16,16,4.02620333E8
large,valueIteration,20,0.99,8.511260575487292,-26,26,4.06318541E8
large,valueIteration,20,0.99,8.511260575487292,-27,27,3.1264555E8
large,valueIteration,20,0.99,8.511260575487292,-26,26,3.98883527E8
large,valueIteration,20,0.99,8.511260575487292,-17,17,3.58762097E8
large,valueIteration,20,0.99,8.511260575487292,-27,27,3.48960859E8
large,valueIteration,20,0.99,8.511260575487292,-21,21,3.91734838E8
large,valueIteration,20,0.99,8.511260575487292,-23,23,3.01762813E8
large,valueIteration,20,0.99,8.511260575487292,-19,19,2.52361596E8
large,valueIteration,25,0.8,0.0,-20,20,4.66542632E8
large,valueIteration,25,0.8,0.0,-17,17,3.36772129E8
large,valueIteration,25,0.8,0.0,-32,32,2.67148129E8
large,valueIteration,25,0.8,0.0,-23,23,2.62800076E8
large,valueIteration,25,0.8,0.0,-23,23,3.86334036E8
large,valueIteration,25,0.8,0.0,-29,29,3.93677677E8
large,valueIteration,25,0.8,0.0,-24,24,4.05181116E8
large,valueIteration,25,0.8,0.0,-21,21,4.94369388E8
large,valueIteration,25,0.8,0.0,-18,18,4.94550951E8
large,valueIteration,25,0.8,0.0,-19,19,3.72591192E8
large,valueIteration,25,0.9,2.4868995751603507E-14,-19,19,2.75115623E8
large,valueIteration,25,0.9,2.4868995751603507E-14,-15,15,2.66870075E8
large,valueIteration,25,0.9,2.4868995751603507E-14,-21,21,2.65683419E8
large,valueIteration,25,0.9,2.4868995751603507E-14,-31,31,2.63941047E8
large,valueIteration,25,0.9,2.4868995751603507E-14,-15,15,2.60849359E8
large,valueIteration,25,0.9,2.4868995751603507E-14,-23,23,4.17139839E8
large,valueIteration,25,0.9,2.4868995751603507E-14,-23,23,3.47832491E8
large,valueIteration,25,0.9,2.4868995751603507E-14,-25,25,4.64338278E8
large,valueIteration,25,0.9,2.4868995751603507E-14,-25,25,3.23156105E8
large,valueIteration,25,0.9,2.4868995751603507E-14,-28,28,2.61153014E8
large,valueIteration,25,0.99,1.2212833198077533E-6,-32,32,2.63092309E8
large,valueIteration,25,0.99,1.2212833198077533E-6,-20,20,4.8328067E8
large,valueIteration,25,0.99,1.2212833198077533E-6,-25,25,3.05342868E8
large,valueIteration,25,0.99,1.2212833198077533E-6,-24,24,4.25905658E8
large,valueIteration,25,0.99,1.2212833198077533E-6,-19,19,3.68601932E8
large,valueIteration,25,0.99,1.2212833198077533E-6,-19,19,2.70853034E8
large,valueIteration,25,0.99,1.2212833198077533E-6,-20,20,2.62811497E8
large,valueIteration,25,0.99,1.2212833198077533E-6,-20,20,2.63181318E8
large,valueIteration,25,0.99,1.2212833198077533E-6,-22,22,2.66150519E8
large,valueIteration,25,0.99,1.2212833198077533E-6,-18,18,2.60201483E8
large,valueIteration,30,0.8,0.0,-23,23,5.39300066E8
large,valueIteration,30,0.8,0.0,-21,21,3.50947021E8
large,valueIteration,30,0.8,0.0,-20,20,3.16270504E8
large,valueIteration,30,0.8,0.0,-21,21,3.58538786E8
large,valueIteration,30,0.8,0.0,-21,21,5.89056531E8
large,valueIteration,30,0.8,0.0,-18,18,4.64938499E8
large,valueIteration,30,0.8,0.0,-22,22,5.02649989E8
large,valueIteration,30,0.8,0.0,-19,19,5.7613525E8
large,valueIteration,30,0.8,0.0,-19,19,5.39405616E8
large,valueIteration,30,0.8,0.0,-25,25,5.20427385E8
large,valueIteration,30,0.9,0.0,-21,21,5.60756373E8
large,valueIteration,30,0.9,0.0,-19,19,3.50325139E8
large,valueIteration,30,0.9,0.0,-16,16,3.1676675E8
large,valueIteration,30,0.9,0.0,-21,21,4.12720499E8
large,valueIteration,30,0.9,0.0,-22,22,5.30750075E8
large,valueIteration,30,0.9,0.0,-18,18,4.92599841E8
large,valueIteration,30,0.9,0.0,-17,17,3.31251598E8
large,valueIteration,30,0.9,0.0,-20,20,3.14101597E8
large,valueIteration,30,0.9,0.0,-24,24,3.14437548E8
large,valueIteration,30,0.9,0.0,-19,19,4.09984455E8
large,valueIteration,30,0.99,4.263256414560601E-14,-18,18,4.69592177E8
large,valueIteration,30,0.99,4.263256414560601E-14,-27,27,6.40957092E8
large,valueIteration,30,0.99,4.263256414560601E-14,-19,19,3.54047373E8
large,valueIteration,30,0.99,4.263256414560601E-14,-17,17,4.57156113E8
large,valueIteration,30,0.99,4.263256414560601E-14,-18,18,4.07815548E8
large,valueIteration,30,0.99,4.263256414560601E-14,-20,20,3.1486487E8
large,valueIteration,30,0.99,4.263256414560601E-14,-24,24,3.28439147E8
large,valueIteration,30,0.99,4.263256414560601E-14,-20,20,5.60242798E8
large,valueIteration,30,0.99,4.263256414560601E-14,-28,28,5.61035215E8
large,valueIteration,30,0.99,4.263256414560601E-14,-26,26,3.46277983E8
