gridWorld,strategy,maxIteration,gamma,lastMaxDelta,rewards,numOfActions,runningTime
small,PolicyIteration,1,0.8,1.4,-6,6,9.0856996E7
small,PolicyIteration,1,0.8,1.4,-14,14,2.4459772E7
small,PolicyIteration,1,0.8,1.4,-10,10,2.1012049E7
small,PolicyIteration,1,0.8,1.4,-34,34,1.8180301E7
small,PolicyIteration,1,0.8,1.4,-4,4,1.4820404E7
small,PolicyIteration,1,0.8,1.4,-18,18,1.4159926E7
small,PolicyIteration,1,0.8,1.4,-4,4,1.4969672E7
small,PolicyIteration,1,0.8,1.4,-6,6,4498503.0
small,PolicyIteration,1,0.8,1.4,-28,28,5018379.0
small,PolicyIteration,1,0.8,1.4,-13,13,4503229.0
small,PolicyIteration,1,0.9,1.45,-21,21,4711180.0
small,PolicyIteration,1,0.9,1.45,-38,38,3793914.0
small,PolicyIteration,1,0.9,1.45,-8,8,1.1742109E7
small,PolicyIteration,1,0.9,1.45,-9,9,4271648.0
small,PolicyIteration,1,0.9,1.45,-71,71,3362259.0
small,PolicyIteration,1,0.9,1.45,-18,18,3539489.0
small,PolicyIteration,1,0.9,1.45,-7,7,1.0109225E7
small,PolicyIteration,1,0.9,1.45,-17,17,5673344.0
small,PolicyIteration,1,0.9,1.45,-13,13,3467810.0
small,PolicyIteration,1,0.9,1.45,-15,15,3400855.0
small,PolicyIteration,1,0.99,1.495,-7,7,3340991.0
small,PolicyIteration,1,0.99,1.495,-14,14,7292049.0
small,PolicyIteration,1,0.99,1.495,-5,5,5325972.0
small,PolicyIteration,1,0.99,1.495,-7,7,5709972.0
small,PolicyIteration,1,0.99,1.495,-54,54,6759570.0
small,PolicyIteration,1,0.99,1.495,-8,8,6215275.0
small,PolicyIteration,1,0.99,1.495,-18,18,6141627.0
small,PolicyIteration,1,0.99,1.495,-23,23,6006931.0
small,PolicyIteration,1,0.99,1.495,-19,19,5325579.0
small,PolicyIteration,1,0.99,1.495,-17,17,3671427.0
small,PolicyIteration,2,0.8,1.1134112426666671,-5,5,6511841.0
small,PolicyIteration,2,0.8,1.1134112426666671,-5,5,7221944.0
small,PolicyIteration,2,0.8,1.1134112426666671,-7,7,1.2290341E7
small,PolicyIteration,2,0.8,1.1134112426666671,-3,3,9125399.0
small,PolicyIteration,2,0.8,1.1134112426666671,-3,3,9306962.0
small,PolicyIteration,2,0.8,1.1134112426666671,-8,8,9510580.0
small,PolicyIteration,2,0.8,1.1134112426666671,-3,3,8849707.0
small,PolicyIteration,2,0.8,1.1134112426666671,-10,10,8787480.0
small,PolicyIteration,2,0.8,1.1134112426666671,-7,7,9010791.0
small,PolicyIteration,2,0.8,1.1134112426666671,-3,3,9249461.0
small,PolicyIteration,2,0.9,1.4178361745961918,-4,4,8985584.0
small,PolicyIteration,2,0.9,1.4178361745961918,-3,3,9142729.0
small,PolicyIteration,2,0.9,1.4178361745961918,-6,6,9043479.0
small,PolicyIteration,2,0.9,1.4178361745961918,-5,5,9449928.0
small,PolicyIteration,2,0.9,1.4178361745961918,-8,8,8770545.0
small,PolicyIteration,2,0.9,1.4178361745961918,-6,6,6217244.0
small,PolicyIteration,2,0.9,1.4178361745961918,-5,5,5991965.0
small,PolicyIteration,2,0.9,1.4178361745961918,-3,3,6051830.0
small,PolicyIteration,2,0.9,1.4178361745961918,-3,3,7112455.0
small,PolicyIteration,2,0.9,1.4178361745961918,-3,3,6105786.0
small,PolicyIteration,2,0.99,1.738550764627027,-4,4,6177072.0
small,PolicyIteration,2,0.99,1.738550764627027,-4,4,9792573.0
small,PolicyIteration,2,0.99,1.738550764627027,-3,3,9103738.0
small,PolicyIteration,2,0.99,1.738550764627027,-3,3,9262064.0
small,PolicyIteration,2,0.99,1.738550764627027,-3,3,8786692.0
small,PolicyIteration,2,0.99,1.738550764627027,-8,8,9298298.0
small,PolicyIteration,2,0.99,1.738550764627027,-3,3,9090347.0
small,PolicyIteration,2,0.99,1.738550764627027,-3,3,9193928.0
small,PolicyIteration,2,0.99,1.738550764627027,-3,3,9162027.0
small,PolicyIteration,2,0.99,1.738550764627027,-3,3,9264033.0
small,PolicyIteration,3,0.8,0.992947647697175,-3,3,1.380192E7
small,PolicyIteration,3,0.8,0.992947647697175,-4,4,1.3311977E7
small,PolicyIteration,3,0.8,0.992947647697175,-3,3,5.085175E7
small,PolicyIteration,3,0.8,0.992947647697175,-5,5,1.1688152E7
small,PolicyIteration,3,0.8,0.992947647697175,-6,6,1.2809036E7
small,PolicyIteration,3,0.8,0.992947647697175,-3,3,1.2895682E7
small,PolicyIteration,3,0.8,0.992947647697175,-6,6,1.0323477E7
small,PolicyIteration,3,0.8,0.992947647697175,-6,6,8810323.0
small,PolicyIteration,3,0.8,0.992947647697175,-6,6,9327442.0
small,PolicyIteration,3,0.8,0.992947647697175,-3,3,1.0475895E7
small,PolicyIteration,3,0.9,1.7968676690473662,-3,3,9547602.0
small,PolicyIteration,3,0.9,1.7968676690473662,-3,3,9351467.0
small,PolicyIteration,3,0.9,1.7968676690473662,-7,7,9402273.0
small,PolicyIteration,3,0.9,1.7968676690473662,-3,3,8683898.0
small,PolicyIteration,3,0.9,1.7968676690473662,-3,3,7726854.0
small,PolicyIteration,3,0.9,1.7968676690473662,-4,4,9039541.0
small,PolicyIteration,3,0.9,1.7968676690473662,-5,5,5358268.0
small,PolicyIteration,3,0.9,1.7968676690473662,-5,5,5208606.0
small,PolicyIteration,3,0.9,1.7968676690473662,-3,3,7396024.0
small,PolicyIteration,3,0.9,1.7968676690473662,-4,4,8497216.0
small,PolicyIteration,3,0.99,2.971076198094627,-4,4,9611011.0
small,PolicyIteration,3,0.99,2.971076198094627,-8,8,5780075.0
small,PolicyIteration,3,0.99,2.971076198094627,-4,4,5294465.0
small,PolicyIteration,3,0.99,2.971076198094627,-3,3,5166465.0
small,PolicyIteration,3,0.99,2.971076198094627,-6,6,4874625.0
small,PolicyIteration,3,0.99,2.971076198094627,-6,6,4743869.0
small,PolicyIteration,3,0.99,2.971076198094627,-3,3,4897862.0
small,PolicyIteration,3,0.99,2.971076198094627,-3,3,4797037.0
small,PolicyIteration,3,0.99,2.971076198094627,-9,9,4820274.0
small,PolicyIteration,3,0.99,2.971076198094627,-3,3,4867535.0
small,PolicyIteration,4,0.8,0.019752556740589178,-3,3,6164075.0
small,PolicyIteration,4,0.8,0.019752556740589178,-4,4,6162500.0
small,PolicyIteration,4,0.8,0.019752556740589178,-3,3,6744209.0
small,PolicyIteration,4,0.8,0.019752556740589178,-3,3,6363755.0
small,PolicyIteration,4,0.8,0.019752556740589178,-5,5,5972273.0
small,PolicyIteration,4,0.8,0.019752556740589178,-3,3,6082943.0
small,PolicyIteration,4,0.8,0.019752556740589178,-4,4,6683951.0
small,PolicyIteration,4,0.8,0.019752556740589178,-3,3,6061282.0
small,PolicyIteration,4,0.8,0.019752556740589178,-4,4,6088456.0
small,PolicyIteration,4,0.8,0.019752556740589178,-3,3,6048679.0
small,PolicyIteration,4,0.9,0.08138601831408643,-3,3,6041195.0
small,PolicyIteration,4,0.9,0.08138601831408643,-3,3,6270808.0
small,PolicyIteration,4,0.9,0.08138601831408643,-3,3,5792285.0
small,PolicyIteration,4,0.9,0.08138601831408643,-3,3,5862783.0
small,PolicyIteration,4,0.9,0.08138601831408643,-4,4,5723756.0
small,PolicyIteration,4,0.9,0.08138601831408643,-3,3,3.7772143E7
small,PolicyIteration,4,0.9,0.08138601831408643,-3,3,6954129.0
small,PolicyIteration,4,0.9,0.08138601831408643,-3,3,8151813.0
small,PolicyIteration,4,0.9,0.08138601831408643,-3,3,6434253.0
small,PolicyIteration,4,0.9,0.08138601831408643,-8,8,6398019.0
small,PolicyIteration,4,0.99,0.2604578515807514,-5,5,6498450.0
small,PolicyIteration,4,0.99,0.2604578515807514,-3,3,3896313.0
small,PolicyIteration,4,0.99,0.2604578515807514,-4,4,4052275.0
small,PolicyIteration,4,0.99,0.2604578515807514,-3,3,3755316.0
small,PolicyIteration,4,0.99,0.2604578515807514,-4,4,3603686.0
small,PolicyIteration,4,0.99,0.2604578515807514,-3,3,3567452.0
small,PolicyIteration,4,0.99,0.2604578515807514,-7,7,3728142.0
small,PolicyIteration,4,0.99,0.2604578515807514,-3,3,3578086.0
small,PolicyIteration,4,0.99,0.2604578515807514,-6,6,3557606.0
small,PolicyIteration,4,0.99,0.2604578515807514,-3,3,3531612.0
small,PolicyIteration,5,0.8,1.7147887802870798E-4,-3,3,4415401.0
small,PolicyIteration,5,0.8,1.7147887802870798E-4,-3,3,4470934.0
small,PolicyIteration,5,0.8,1.7147887802870798E-4,-7,7,4523709.0
small,PolicyIteration,5,0.8,1.7147887802870798E-4,-3,3,4515438.0
small,PolicyIteration,5,0.8,1.7147887802870798E-4,-4,4,4978994.0
small,PolicyIteration,5,0.8,1.7147887802870798E-4,-3,3,4479599.0
small,PolicyIteration,5,0.8,1.7147887802870798E-4,-4,4,4448091.0
small,PolicyIteration,5,0.8,1.7147887802870798E-4,-7,7,4678490.0
small,PolicyIteration,5,0.8,1.7147887802870798E-4,-3,3,7278264.0
small,PolicyIteration,5,0.8,1.7147887802870798E-4,-4,4,7441709.0
small,PolicyIteration,5,0.9,0.0014311324249147717,-5,5,7383421.0
small,PolicyIteration,5,0.9,0.0014311324249147717,-5,5,6932862.0
small,PolicyIteration,5,0.9,0.0014311324249147717,-4,4,6565010.0
small,PolicyIteration,5,0.9,0.0014311324249147717,-5,5,4535918.0
small,PolicyIteration,5,0.9,0.0014311324249147717,-3,3,4552460.0
small,PolicyIteration,5,0.9,0.0014311324249147717,-7,7,4347266.0
small,PolicyIteration,5,0.9,0.0014311324249147717,-3,3,4814367.0
small,PolicyIteration,5,0.9,0.0014311324249147717,-3,3,4426430.0
small,PolicyIteration,5,0.9,0.0014311324249147717,-3,3,4684792.0
small,PolicyIteration,5,0.9,0.0014311324249147717,-5,5,4622171.0
small,PolicyIteration,5,0.99,0.00820485246859004,-3,3,4446121.0
small,PolicyIteration,5,0.99,0.00820485246859004,-3,3,4763561.0
small,PolicyIteration,5,0.99,0.00820485246859004,-4,4,4584754.0
small,PolicyIteration,5,0.99,0.00820485246859004,-3,3,6010082.0
small,PolicyIteration,5,0.99,0.00820485246859004,-4,4,7462583.0
small,PolicyIteration,5,0.99,0.00820485246859004,-3,3,8611431.0
small,PolicyIteration,5,0.99,0.00820485246859004,-3,3,8206951.0
small,PolicyIteration,5,0.99,0.00820485246859004,-7,7,8180564.0
small,PolicyIteration,5,0.99,0.00820485246859004,-4,4,8119518.0
small,PolicyIteration,5,0.99,0.00820485246859004,-3,3,8024207.0
small,PolicyIteration,6,0.8,1.2424391124810086E-6,-3,3,1.0056056E7
small,PolicyIteration,6,0.8,1.2424391124810086E-6,-3,3,1.0525519E7
small,PolicyIteration,6,0.8,1.2424391124810086E-6,-3,3,9655515.0
small,PolicyIteration,6,0.8,1.2424391124810086E-6,-3,3,1.002061E7
small,PolicyIteration,6,0.8,1.2424391124810086E-6,-3,3,9649214.0
small,PolicyIteration,6,0.8,1.2424391124810086E-6,-3,3,9412513.0
small,PolicyIteration,6,0.8,1.2424391124810086E-6,-7,7,9863859.0
small,PolicyIteration,6,0.8,1.2424391124810086E-6,-3,3,9595650.0
small,PolicyIteration,6,0.8,1.2424391124810086E-6,-4,4,9557842.0
small,PolicyIteration,6,0.8,1.2424391124810086E-6,-7,7,9844955.0
small,PolicyIteration,6,0.9,2.112714474389321E-5,-5,5,9612193.0
small,PolicyIteration,6,0.9,2.112714474389321E-5,-5,5,9382580.0
small,PolicyIteration,6,0.9,2.112714474389321E-5,-3,3,9575959.0
small,PolicyIteration,6,0.9,2.112714474389321E-5,-3,3,9336107.0
small,PolicyIteration,6,0.9,2.112714474389321E-5,-4,4,8607098.0
small,PolicyIteration,6,0.9,2.112714474389321E-5,-5,5,7829648.0
small,PolicyIteration,6,0.9,2.112714474389321E-5,-3,3,8044687.0
small,PolicyIteration,6,0.9,2.112714474389321E-5,-7,7,8329043.0
small,PolicyIteration,6,0.9,2.112714474389321E-5,-4,4,4.8233071E7
small,PolicyIteration,6,0.9,2.112714474389321E-5,-4,4,4600903.0
small,PolicyIteration,6,0.99,2.1743553379316438E-4,-3,3,4613112.0
small,PolicyIteration,6,0.99,2.1743553379316438E-4,-3,3,5063277.0
small,PolicyIteration,6,0.99,2.1743553379316438E-4,-4,4,5334243.0
small,PolicyIteration,6,0.99,2.1743553379316438E-4,-5,5,4719450.0
small,PolicyIteration,6,0.99,2.1743553379316438E-4,-4,4,4717087.0
small,PolicyIteration,6,0.99,2.1743553379316438E-4,-3,3,4637137.0
small,PolicyIteration,6,0.99,2.1743553379316438E-4,-10,10,4624533.0
small,PolicyIteration,6,0.99,2.1743553379316438E-4,-3,3,4597358.0
small,PolicyIteration,6,0.99,2.1743553379316438E-4,-7,7,4589481.0
small,PolicyIteration,6,0.99,2.1743553379316438E-4,-4,4,4628078.0
small,PolicyIteration,7,0.8,8.63728999433988E-9,-3,3,5329516.0
small,PolicyIteration,7,0.8,8.63728999433988E-9,-3,3,5321639.0
small,PolicyIteration,7,0.8,8.63728999433988E-9,-6,6,5381111.0
small,PolicyIteration,7,0.8,8.63728999433988E-9,-6,6,5335818.0
small,PolicyIteration,7,0.8,8.63728999433988E-9,-3,3,5331486.0
small,PolicyIteration,7,0.8,8.63728999433988E-9,-3,3,5445307.0
small,PolicyIteration,7,0.8,8.63728999433988E-9,-3,3,5324790.0
small,PolicyIteration,7,0.8,8.63728999433988E-9,-3,3,5329911.0
small,PolicyIteration,7,0.8,8.63728999433988E-9,-3,3,5358662.0
small,PolicyIteration,7,0.8,8.63728999433988E-9,-6,6,5322428.0
small,PolicyIteration,7,0.9,2.997594252818203E-7,-3,3,5312975.0
small,PolicyIteration,7,0.9,2.997594252818203E-7,-5,5,5365356.0
small,PolicyIteration,7,0.9,2.997594252818203E-7,-3,3,5306674.0
small,PolicyIteration,7,0.9,2.997594252818203E-7,-3,3,5373234.0
small,PolicyIteration,7,0.9,2.997594252818203E-7,-8,8,5300766.0
small,PolicyIteration,7,0.9,2.997594252818203E-7,-6,6,5307461.0
small,PolicyIteration,7,0.9,2.997594252818203E-7,-5,5,5751719.0
small,PolicyIteration,7,0.9,2.997594252818203E-7,-4,4,5364569.0
small,PolicyIteration,7,0.9,2.997594252818203E-7,-3,3,5313763.0
small,PolicyIteration,7,0.9,2.997594252818203E-7,-3,3,5353935.0
small,PolicyIteration,7,0.99,5.542504522892955E-6,-7,7,5295646.0
small,PolicyIteration,7,0.99,5.542504522892955E-6,-3,3,5389775.0
small,PolicyIteration,7,0.99,5.542504522892955E-6,-3,3,5366538.0
small,PolicyIteration,7,0.99,5.542504522892955E-6,-3,3,5331092.0
small,PolicyIteration,7,0.99,5.542504522892955E-6,-5,5,5298009.0
small,PolicyIteration,7,0.99,5.542504522892955E-6,-4,4,5305098.0
small,PolicyIteration,7,0.99,5.542504522892955E-6,-6,6,5307461.0
small,PolicyIteration,7,0.99,5.542504522892955E-6,-4,4,5318489.0
small,PolicyIteration,7,0.99,5.542504522892955E-6,-6,6,5299979.0
small,PolicyIteration,7,0.99,5.542504522892955E-6,-4,4,5317308.0
small,PolicyIteration,8,0.8,5.925038237819535E-11,-4,4,6114056.0
small,PolicyIteration,8,0.8,5.925038237819535E-11,-4,4,6050648.0
small,PolicyIteration,8,0.8,5.925038237819535E-11,-6,6,6061281.0
small,PolicyIteration,8,0.8,5.925038237819535E-11,-3,3,6169589.0
small,PolicyIteration,8,0.8,5.925038237819535E-11,-3,3,6056162.0
small,PolicyIteration,8,0.8,5.925038237819535E-11,-3,3,6279078.0
small,PolicyIteration,8,0.8,5.925038237819535E-11,-16,16,6052223.0
small,PolicyIteration,8,0.8,5.925038237819535E-11,-3,3,4.4198913E7
small,PolicyIteration,8,0.8,5.925038237819535E-11,-8,8,9318777.0
small,PolicyIteration,8,0.8,5.925038237819535E-11,-5,5,9360919.0
small,PolicyIteration,8,0.9,4.199701919560539E-9,-3,3,9747676.0
small,PolicyIteration,8,0.9,4.199701919560539E-9,-3,3,9371553.0
small,PolicyIteration,8,0.9,4.199701919560539E-9,-6,6,9217559.0
small,PolicyIteration,8,0.9,4.199701919560539E-9,-3,3,9345952.0
small,PolicyIteration,8,0.9,4.199701919560539E-9,-3,3,9212045.0
small,PolicyIteration,8,0.9,4.199701919560539E-9,-6,6,9219922.0
small,PolicyIteration,8,0.9,4.199701919560539E-9,-6,6,9201411.0
small,PolicyIteration,8,0.9,4.199701919560539E-9,-5,5,8397179.0
small,PolicyIteration,8,0.9,4.199701919560539E-9,-5,5,8285721.0
small,PolicyIteration,8,0.9,4.199701919560539E-9,-3,3,8284539.0
small,PolicyIteration,8,0.99,1.3956285194183238E-7,-4,4,8404268.0
small,PolicyIteration,8,0.99,1.3956285194183238E-7,-5,5,1.2339572E7
small,PolicyIteration,8,0.99,1.3956285194183238E-7,-3,3,1.2083179E7
small,PolicyIteration,8,0.99,1.3956285194183238E-7,-6,6,1.2075696E7
small,PolicyIteration,8,0.99,1.3956285194183238E-7,-3,3,1.0598775E7
small,PolicyIteration,8,0.99,1.3956285194183238E-7,-7,7,1.0486135E7
small,PolicyIteration,8,0.99,1.3956285194183238E-7,-3,3,1.0569631E7
small,PolicyIteration,8,0.99,1.3956285194183238E-7,-3,3,1.0453446E7
small,PolicyIteration,8,0.99,1.3956285194183238E-7,-3,3,1.0468806E7
small,PolicyIteration,8,0.99,1.3956285194183238E-7,-4,4,1.0495981E7
