gridWorld,strategy,maxIteration,gamma,lastMaxDelta,rewards,numOfActions,runningTime
small,Q,1,0.8,0.1,-15,15,4.9420122E7
small,Q,1,0.8,0.10800000000000001,-20,20,7449587.0
small,Q,1,0.8,0.10800000000000001,-70,70,1.5862913E7
small,Q,1,0.8,0.1,-12,12,2210654.0
small,Q,1,0.8,0.11520000000000002,-22,22,2548968.0
small,Q,1,0.8,0.1,-15,15,2200808.0
small,Q,1,0.8,0.10800000000000001,-76,76,6845428.0
small,Q,1,0.8,0.10800000000000001,-41,41,3901827.0
small,Q,1,0.8,0.1,-7,7,920417.0
small,Q,1,0.8,0.10800000000000001,-60,60,4479992.0
small,Q,1,0.8,0.11520000000000002,-71,71,5526440.0
small,Q,1,0.8,0.10864000000000001,-73,73,4593813.0
small,Q,1,0.8,0.10800000000000001,-28,28,1856981.0
small,Q,1,0.8,0.1,-12,12,792023.0
small,Q,1,0.8,0.10800000000000001,-19,19,1366250.0
small,Q,1,0.8,0.1,-8,8,684897.0
small,Q,1,0.8,0.10800000000000001,-22,22,1307961.0
small,Q,1,0.8,0.11520000000000002,-127,127,7052984.0
small,Q,1,0.8,0.1,-7,7,663629.0
small,Q,1,0.8,0.1,-6,6,420627.0
small,Q,1,0.9,0.10900000000000001,-24,24,1263456.0
small,Q,1,0.9,0.1267309,-95,95,5245233.0
small,Q,1,0.9,0.11710000000000001,-59,59,4341752.0
small,Q,1,0.9,0.10900000000000001,-9,9,543507.0
small,Q,1,0.9,0.1,-21,21,1081894.0
small,Q,1,0.9,0.10900000000000001,-23,23,1140970.0
small,Q,1,0.9,0.10900000000000001,-43,43,2307541.0
small,Q,1,0.9,0.1,-21,21,1071654.0
small,Q,1,0.9,0.1,-9,9,822743.0
small,Q,1,0.9,0.10900000000000001,-12,12,1150029.0
small,Q,1,0.9,0.1,-26,26,1246127.0
small,Q,1,0.9,0.11710000000000001,-56,56,2579294.0
small,Q,1,0.9,0.10900000000000001,-71,71,3683242.0
small,Q,1,0.9,0.10981000000000002,-60,60,2487528.0
small,Q,1,0.9,0.1,-6,6,417082.0
small,Q,1,0.9,0.1,-20,20,830620.0
small,Q,1,0.9,0.10900000000000001,-11,11,487187.0
small,Q,1,0.9,0.11710000000000001,-19,19,864097.0
small,Q,1,0.9,0.1,-3,3,168960.0
small,Q,1,0.9,0.1,-37,37,1481646.0
small,Q,1,0.99,0.1,-9,9,392270.0
small,Q,1,0.99,0.1,-9,9,886546.0
small,Q,1,0.99,0.11979010000000001,-75,75,2968807.0
small,Q,1,0.99,0.11881,-77,77,3505225.0
small,Q,1,0.99,0.1099,-58,58,2325658.0
small,Q,1,0.99,0.1,-15,15,648270.0
small,Q,1,0.99,0.1,-10,10,515938.0
small,Q,1,0.99,0.1099,-37,37,1505672.0
small,Q,1,0.99,0.1099,-49,49,2053117.0
small,Q,1,0.99,0.1099,-43,43,1682113.0
small,Q,1,0.99,0.1,-9,9,350916.0
small,Q,1,0.99,0.11155151781,-105,105,4339783.0
small,Q,1,0.99,0.11881,-38,38,1362311.0
small,Q,1,0.99,0.11881,-28,28,1126792.0
small,Q,1,0.99,0.1,-5,5,320984.0
small,Q,1,0.99,0.1099,-15,15,636454.0
small,Q,1,0.99,0.1,-9,9,571863.0
small,Q,1,0.99,0.1,-23,23,871974.0
small,Q,1,0.99,0.1099,-16,16,588405.0
small,Q,1,0.99,0.1099,-16,16,572257.0
small,Q,31,0.8,0.10915879997814804,-21,21,3.8725642E7
small,Q,31,0.8,0.09432127431259474,-11,11,3.9900877E7
small,Q,31,0.8,0.0646327528865609,-5,5,2.5372312E7
small,Q,31,0.8,0.07274419808261978,-19,19,2.9004355E7
small,Q,31,0.8,0.08084009957247051,-13,13,1.7203169E7
small,Q,31,0.8,0.06591796753258539,-5,5,2.0419705E7
small,Q,31,0.8,0.06692462796219867,-4,4,1.9299609E7
small,Q,31,0.8,0.15530348959775186,-13,13,1.5458041E7
small,Q,31,0.8,0.06339449768669514,-4,4,1.2220237E7
small,Q,31,0.8,0.1119984176017439,-84,84,1.6629337E7
small,Q,31,0.8,0.011261201477483329,-3,3,1.5265056E7
small,Q,31,0.8,0.13503177860055215,-9,9,1.0950873E7
small,Q,31,0.8,0.025098547961561746,-3,3,1.22482E7
small,Q,31,0.8,0.06547039398457244,-6,6,1.5058287E7
small,Q,31,0.8,0.0835136762983345,-12,12,1.5638816E7
small,Q,31,0.8,0.11331498680964858,-30,30,1.6394999E7
small,Q,31,0.8,0.06752296483374343,-5,5,1.5336342E7
small,Q,31,0.8,0.10897696983890981,-56,56,1.5383604E7
small,Q,31,0.8,0.0659200219694791,-5,5,1.1604263E7
small,Q,31,0.8,0.14631648073614223,-8,8,1.1513678E7
small,Q,31,0.9,0.12428580336350703,-35,35,1.8927818E7
small,Q,31,0.9,0.12286479434009179,-46,46,1.5128392E7
small,Q,31,0.9,0.1222804187285278,-46,46,1.2409676E7
small,Q,31,0.9,0.14870097096426704,-16,16,1.0196265E7
small,Q,31,0.9,0.14928495014454324,-10,10,1.6308352E7
small,Q,31,0.9,0.09123414111524752,-23,23,1.0723624E7
small,Q,31,0.9,0.1380097845618038,-34,34,9835503.0
small,Q,31,0.9,0.1387522769915227,-76,76,9053326.0
small,Q,31,0.9,0.1539114773339687,-116,116,1.1124165E7
small,Q,31,0.9,0.13050105513938393,-7,7,8400723.0
small,Q,31,0.9,0.011488201520618357,-3,3,8080527.0
small,Q,31,0.9,0.011044181173376133,-3,3,6879299.0
small,Q,31,0.9,0.13720883361556524,-35,35,7285353.0
small,Q,31,0.9,0.008937683907243699,-3,3,5932100.0
small,Q,31,0.9,0.09843870757252926,-8,8,6328308.0
small,Q,31,0.9,0.1377185659957818,-12,12,7531900.0
small,Q,31,0.9,0.11943386176343984,-8,8,8315259.0
small,Q,31,0.9,0.1383666653943756,-12,12,5807252.0
small,Q,31,0.9,0.12383846954962752,-24,24,6982880.0
small,Q,31,0.9,0.13620017060370593,-97,97,7020689.0
small,Q,31,0.99,0.17460007219852236,-10,10,6294438.0
small,Q,31,0.99,0.0994113584608598,-11,11,6965551.0
small,Q,31,0.99,0.15770235017118472,-37,37,5272016.0
small,Q,31,0.99,0.09821586806305671,-4,4,6053798.0
small,Q,31,0.99,0.19702368804421977,-31,31,4.1163151E7
small,Q,31,0.99,0.147421993005743,-18,18,4830515.0
small,Q,31,0.99,0.19688204293313372,-16,16,9062777.0
small,Q,31,0.99,0.19243706709689556,-20,20,6133749.0
small,Q,31,0.99,0.09712945380702154,-5,5,5753688.0
small,Q,31,0.99,0.1763792644543425,-13,13,6164863.0
small,Q,31,0.99,0.17757644788171656,-59,59,5980937.0
small,Q,31,0.99,0.02087721813000898,-3,3,6456703.0
small,Q,31,0.99,0.09819092813833019,-4,4,4709210.0
small,Q,31,0.99,0.18194369930643162,-13,13,3794701.0
small,Q,31,0.99,0.18485581516507965,-12,12,6283016.0
small,Q,31,0.99,0.1440915095376789,-28,28,5975029.0
small,Q,31,0.99,0.0856554061970245,-4,4,3937667.0
small,Q,31,0.99,0.16660500021725466,-72,72,5513442.0
small,Q,31,0.99,0.03648932649588765,-3,3,6770991.0
small,Q,31,0.99,0.18445410238991422,-14,14,5311400.0
small,Q,61,0.8,0.017931060216200834,-3,3,8911541.0
small,Q,61,0.8,0.11497731829964453,-12,12,8329438.0
small,Q,61,0.8,0.049826666515516926,-7,7,6034106.0
small,Q,61,0.8,0.02004647156101358,-3,3,7490152.0
small,Q,61,0.8,0.037050174648374234,-3,3,8809141.0
small,Q,61,0.8,0.04471864586046248,-4,4,9608647.0
small,Q,61,0.8,0.08425671123064582,-5,5,9052932.0
small,Q,61,0.8,0.020268702707618047,-3,3,8581499.0
small,Q,61,0.8,0.07745667622154828,-5,5,8509819.0
small,Q,61,0.8,0.09900721167154769,-50,50,9874494.0
small,Q,61,0.8,0.06657380499568699,-6,6,8735493.0
small,Q,61,0.8,0.014893888394875265,-3,3,9512549.0
small,Q,61,0.8,0.018603308916764316,-3,3,1.0009189E7
small,Q,61,0.8,0.036517597282831105,-4,4,8893030.0
small,Q,61,0.8,0.07888730690711676,-4,4,8041142.0
small,Q,61,0.8,0.018949320798887115,-3,3,7847764.0
small,Q,61,0.8,0.02556975635207337,-3,3,7688651.0
small,Q,61,0.8,0.06642261326870269,-3,3,7838706.0
small,Q,61,0.8,0.07071528379327807,-46,46,8031691.0
small,Q,61,0.8,0.1341152313602958,-74,74,8279419.0
small,Q,61,0.9,0.088554524015247,-4,4,8175838.0
small,Q,61,0.9,0.04584722903657035,-3,3,8077770.0
small,Q,61,0.9,0.05907195087560746,-4,4,8344404.0
small,Q,61,0.9,0.09393781553841407,-14,14,4388620.0
small,Q,61,0.9,0.08599452650788164,-4,4,4796250.0
small,Q,61,0.9,0.13923950406377306,-16,16,5826156.0
small,Q,61,0.9,0.04842987446802827,-3,3,8314866.0
small,Q,61,0.9,0.07298165877541196,-7,7,6508297.0
small,Q,61,0.9,0.024404870000164003,-3,3,4143648.0
small,Q,61,0.9,0.031542876448702906,-3,3,4836816.0
small,Q,61,0.9,0.08588122895251393,-7,7,4465814.0
small,Q,61,0.9,0.02890077782201983,-3,3,3735231.0
small,Q,61,0.9,0.028302721293683497,-3,3,5091240.0
small,Q,61,0.9,0.08759312816458542,-5,5,4476448.0
small,Q,61,0.9,0.03434576632703212,-3,3,8614976.0
small,Q,61,0.9,0.1918738354831342,-8,8,3.3303966E7
small,Q,61,0.9,0.10034544020262692,-11,11,8711862.0
small,Q,61,0.9,0.06852103597488624,-4,4,1.3893292E7
small,Q,61,0.9,0.04674776100379341,-4,4,7505513.0
small,Q,61,0.9,0.07729242212484344,-4,4,5384261.0
small,Q,61,0.99,0.04024949939039568,-3,3,5235388.0
small,Q,61,0.99,0.09738493158192929,-6,6,6678831.0
small,Q,61,0.99,0.09628655858273438,-5,5,7786719.0
small,Q,61,0.99,0.09620836702149971,-4,4,7958435.0
small,Q,61,0.99,0.05571405541852403,-3,3,8808354.0
small,Q,61,0.99,0.04028306768955048,-3,3,4124349.0
small,Q,61,0.99,0.09881486693170793,-4,4,4348842.0
small,Q,61,0.99,0.04593049907182567,-3,3,4405949.0
small,Q,61,0.99,0.07851955501507524,-3,3,4999474.0
small,Q,61,0.99,0.032814469464112594,-3,3,4766712.0
small,Q,61,0.99,0.08286637951580555,-4,4,4661161.0
small,Q,61,0.99,0.028556189628381468,-3,3,4736779.0
small,Q,61,0.99,0.04303529515069293,-3,3,4227537.0
small,Q,61,0.99,0.21988347161462007,-50,50,4101901.0
small,Q,61,0.99,0.1024133507687659,-22,22,3660006.0
small,Q,61,0.99,0.022011771430726412,-3,3,4992385.0
small,Q,61,0.99,0.03534393925129731,-3,3,4548128.0
small,Q,61,0.99,0.1176760049817025,-43,43,4958121.0
small,Q,61,0.99,0.033170769994829374,-3,3,4937640.0
small,Q,61,0.99,0.038932652804906986,-3,3,3550123.0
small,Q,91,0.8,0.042987226236496756,-4,4,4813185.0
small,Q,91,0.8,0.034189399497854156,-3,3,5883264.0
small,Q,91,0.8,0.1269698848468418,-10,10,4752140.0
small,Q,91,0.8,0.08642153122824725,-8,8,4732447.0
small,Q,91,0.8,0.05878670664277852,-4,4,5286981.0
small,Q,91,0.8,0.1431595823782683,-7,7,5026650.0
small,Q,91,0.8,0.03269562191122688,-3,3,4544188.0
small,Q,91,0.8,0.11313754374542251,-18,18,6224333.0
small,Q,91,0.8,0.08568446368262128,-9,9,4814367.0
small,Q,91,0.8,0.05767095899165109,-3,3,4438638.0
small,Q,91,0.8,0.04129327461597443,-4,4,6222758.0
small,Q,91,0.8,0.030659284877178283,-3,3,7373575.0
small,Q,91,0.8,0.02475305673236816,-3,3,4875019.0
small,Q,91,0.8,0.030808307522862677,-4,4,6014020.0
small,Q,91,0.8,0.027196291132268513,-3,3,8473191.0
small,Q,91,0.8,0.05971326298649915,-9,9,8488944.0
small,Q,91,0.8,0.022808334945547237,-3,3,7656356.0
small,Q,91,0.8,0.14582889889111894,-8,8,5105419.0
small,Q,91,0.8,0.04515631510559048,-4,4,4670219.0
small,Q,91,0.8,0.04424870179452833,-3,3,6739483.0
small,Q,91,0.9,0.029472405683470093,-3,3,8047050.0
small,Q,91,0.9,0.1567022724975704,-10,10,8636243.0
small,Q,91,0.9,0.03544080821331752,-3,3,1.1803549E7
small,Q,91,0.9,0.0273452139193906,-3,3,1.1109987E7
small,Q,91,0.9,0.1830689967974377,-7,7,9932388.0
small,Q,91,0.9,0.15038401278955105,-6,6,1.1451451E7
small,Q,91,0.9,0.06965150322803071,-5,5,8450742.0
small,Q,91,0.9,0.05306185226571403,-3,3,8826076.0
small,Q,91,0.9,0.16723200335150645,-7,7,8931234.0
small,Q,91,0.9,0.07970119640695739,-7,7,7229033.0
small,Q,91,0.9,0.06111559442140857,-4,4,7026990.0
small,Q,91,0.9,0.03130464971941849,-3,3,9603527.0
small,Q,91,0.9,0.10895842203210426,-6,6,1.398624E7
small,Q,91,0.9,0.1923226101211548,-7,7,1.112771E7
small,Q,91,0.9,0.038219158875618886,-3,3,7789869.0
small,Q,91,0.9,0.14741022858295993,-12,12,9772487.0
small,Q,91,0.9,0.12263095214990671,-24,24,1.2576273E7
small,Q,91,0.9,0.04063382890665834,-3,3,1.3558918E7
small,Q,91,0.9,0.07676248823801046,-9,9,9953657.0
small,Q,91,0.9,0.1712189626323788,-8,8,7130178.0
small,Q,91,0.99,0.15586745577344585,-28,28,7185711.0
small,Q,91,0.99,0.04054712570418495,-3,3,1.2096569E7
small,Q,91,0.99,0.1677522749195326,-5,5,1.2144618E7
small,Q,91,0.99,0.09597111881634035,-5,5,9653939.0
small,Q,91,0.99,0.04195465065531323,-3,3,1.1917763E7
small,Q,91,0.99,0.05732862754160517,-3,3,1.106942E7
small,Q,91,0.99,0.0808050774663096,-3,3,1.4798743E7
small,Q,91,0.99,0.1535003681681224,-5,5,1.1181272E7
small,Q,91,0.99,0.1502314117414416,-18,18,1.1273826E7
small,Q,91,0.99,0.13000222431923936,-32,32,1.0885101E7
small,Q,91,0.99,0.04707621596300515,-3,3,1.302762E7
small,Q,91,0.99,0.23962009266726314,-8,8,1.0572781E7
small,Q,91,0.99,0.03526143477851429,-3,3,6951372.0
small,Q,91,0.99,0.047448821872208224,-3,3,9864253.0
small,Q,91,0.99,0.033868934880287194,-3,3,6546105.0
small,Q,91,0.99,0.1392690589581962,-24,24,6952160.0
small,Q,91,0.99,0.04689326152825757,-3,3,6822979.0
small,Q,91,0.99,0.2144461421712185,-6,6,7070313.0
small,Q,91,0.99,0.06060263956976808,-3,3,5.6547936E7
small,Q,91,0.99,0.0410149588633788,-3,3,7719371.0
small,Q,121,0.8,0.022464666133359845,-3,3,5999054.0
small,Q,121,0.8,0.0219395742396169,-3,3,5782045.0
small,Q,121,0.8,0.14346045537304408,-8,8,9053325.0
small,Q,121,0.8,0.025222538493912205,-3,3,9511367.0
small,Q,121,0.8,0.15765137048425282,-53,53,9681509.0
small,Q,121,0.8,0.03240813660472863,-4,4,6302315.0
small,Q,121,0.8,0.15006566029825508,-12,12,5083363.0
small,Q,121,0.8,0.022424966047310146,-3,3,9054114.0
small,Q,121,0.8,0.07166428247299206,-4,4,4985296.0
small,Q,121,0.8,0.04357054313798425,-4,4,8783935.0
small,Q,121,0.8,0.04082101471129862,-4,4,5309431.0
small,Q,121,0.8,0.09976503594973396,-5,5,5437037.0
small,Q,121,0.8,0.10927209025145457,-70,70,7304652.0
small,Q,121,0.8,0.04311353970717491,-5,5,9266396.0
small,Q,121,0.8,0.04426366257272374,-4,4,7144751.0
small,Q,121,0.8,0.12551262350277437,-37,37,6004962.0
small,Q,121,0.8,0.027634907627830163,-3,3,6831644.0
small,Q,121,0.8,0.04219553201083981,-4,4,4883290.0
small,Q,121,0.8,0.040015341357102496,-4,4,5635141.0
small,Q,121,0.8,0.06015053368560874,-4,4,5866722.0
small,Q,121,0.9,0.06435798857569441,-3,3,1.047432E7
small,Q,121,0.9,0.032165839915663685,-3,3,4958514.0
small,Q,121,0.9,0.06622142498297334,-4,4,5891534.0
small,Q,121,0.9,0.12016562450558244,-6,6,8150238.0
small,Q,121,0.9,0.07414823292415562,-5,5,5581184.0
small,Q,121,0.9,0.07726510207464399,-4,4,6314918.0
small,Q,121,0.9,0.02360723983103563,-4,4,5051462.0
small,Q,121,0.9,0.05741722820808848,-3,3,9453079.0
small,Q,121,0.9,0.12902583173454807,-44,44,4917948.0
small,Q,121,0.9,0.053587031878570945,-3,3,5560310.0
small,Q,121,0.9,0.15382833592616807,-19,19,7922989.0
small,Q,121,0.9,0.07298492133827605,-3,3,5309824.0
small,Q,121,0.9,0.18533119077927562,-5,5,7551199.0
small,Q,121,0.9,0.15005297703346465,-10,10,5132988.0
small,Q,121,0.9,0.17748228511373387,-20,20,5516987.0
small,Q,121,0.9,0.0858739633763661,-5,5,7646903.0
small,Q,121,0.9,0.10456837000735053,-3,3,6145959.0
small,Q,121,0.9,0.04465543652488191,-3,3,6985637.0
small,Q,121,0.9,0.04717747554891982,-3,3,5551252.0
small,Q,121,0.9,0.14897664448685077,-10,10,8832772.0
small,Q,121,0.99,0.21715828102164103,-8,8,5028619.0
small,Q,121,0.99,0.08671563250345748,-3,3,5022317.0
small,Q,121,0.99,0.17386654477781804,-5,5,5845848.0
small,Q,121,0.99,0.05999737750284506,-3,3,6107361.0
small,Q,121,0.99,0.14733364099765867,-5,5,5455941.0
small,Q,121,0.99,0.0986615710284684,-5,5,7007299.0
small,Q,121,0.99,0.17234904939497686,-110,110,5006957.0
small,Q,121,0.99,0.09861978656122661,-4,4,9521214.0
small,Q,121,0.99,0.15171161580174264,-5,5,5824580.0
small,Q,121,0.99,0.14701708788802303,-31,31,5533922.0
small,Q,121,0.99,0.048417254286137634,-3,3,5765504.0
small,Q,121,0.99,0.06923742727820548,-3,3,7000603.0
small,Q,121,0.99,0.16562785784107836,-8,8,7110486.0
small,Q,121,0.99,0.046734416322032235,-4,4,1.1031611E7
small,Q,121,0.99,0.09876256533618832,-4,4,6322795.0
small,Q,121,0.99,0.15703091118363832,-27,27,5196397.0
small,Q,121,0.99,0.09730634374668234,-4,4,8629154.0
small,Q,121,0.99,0.03729496698168289,-3,3,5612298.0
small,Q,121,0.99,0.04856516141030287,-3,3,5956125.0
small,Q,121,0.99,0.13471728997388688,-22,22,6138869.0
small,Q,151,0.8,0.04217210780084146,-3,3,9011578.0
small,Q,151,0.8,0.09642191015997148,-5,5,6750512.0
small,Q,151,0.8,0.1498830686893562,-6,6,8695714.0
small,Q,151,0.8,0.1467368009054979,-6,6,6631176.0
small,Q,151,0.8,0.021965326026309295,-3,3,8635456.0
small,Q,151,0.8,0.10484126752272127,-5,5,7242424.0
small,Q,151,0.8,0.02543603562052077,-3,3,4.1386068E7
small,Q,151,0.8,0.048056844685883116,-3,3,7115606.0
small,Q,151,0.8,0.15064883730437284,-5,5,8879246.0
small,Q,151,0.8,0.1438245782913654,-10,10,6251903.0
small,Q,151,0.8,0.0762521834717016,-33,33,9726407.0
small,Q,151,0.8,0.03352171195058662,-3,3,5667042.0
small,Q,151,0.8,0.037197721970357644,-6,6,1.1212781E7
small,Q,151,0.8,0.0688766636601319,-4,4,9519245.0
small,Q,151,0.8,0.019904008451445243,-3,3,6214488.0
small,Q,151,0.8,0.05756845445303238,-5,5,9358161.0
small,Q,151,0.8,0.11735861335181585,-7,7,5786378.0
small,Q,151,0.8,0.05259721958630159,-7,7,9681115.0
small,Q,151,0.8,0.03479924159307646,-3,3,6026623.0
small,Q,151,0.8,0.04966471889574953,-4,4,9889853.0
small,Q,151,0.9,0.17538599529007937,-9,9,5792285.0
small,Q,151,0.9,0.03809937639321159,-3,3,9073412.0
small,Q,151,0.9,0.02091954280418329,-3,3,5395289.0
small,Q,151,0.9,0.17928654972158276,-5,5,1.0337262E7
small,Q,151,0.9,0.17267765057302165,-13,13,5978180.0
small,Q,151,0.9,0.2011170030106646,-27,27,5567399.0
small,Q,151,0.9,0.193838623036664,-5,5,5502021.0
small,Q,151,0.9,0.04704670839379288,-4,4,5676100.0
small,Q,151,0.9,0.16412766698764925,-11,11,9879613.0
small,Q,151,0.9,0.0662458199044349,-5,5,5618993.0
small,Q,151,0.9,0.04141354699783806,-3,3,9904426.0
small,Q,151,0.9,0.025454959281241196,-3,3,5279104.0
small,Q,151,0.9,0.07243651320983857,-5,5,1.0324659E7
small,Q,151,0.9,0.046857658782262224,-5,5,5452397.0
small,Q,151,0.9,0.05361341799661501,-3,3,1.0026124E7
small,Q,151,0.9,0.07653205926491813,-4,4,5298403.0
small,Q,151,0.9,0.06464658269655521,-5,5,1.0193508E7
small,Q,151,0.9,0.07481348649862074,-5,5,5726119.0
small,Q,151,0.9,0.06644462083435831,-4,4,1.0029274E7
small,Q,151,0.9,0.1399756518581241,-9,9,5802131.0
small,Q,151,0.99,0.17370823907528865,-5,5,9585804.0
small,Q,151,0.99,0.08372084039389782,-3,3,7474793.0
small,Q,151,0.99,0.21073535377245323,-6,6,6868270.0
small,Q,151,0.99,0.08859337562288294,-5,5,5520138.0
small,Q,151,0.99,0.09812122933871992,-6,6,1.1312029E7
small,Q,151,0.99,0.11852824804228446,-5,5,5475633.0
small,Q,151,0.99,0.04047370235819914,-3,3,5505171.0
small,Q,151,0.99,0.1836967322304499,-6,6,9991859.0
small,Q,151,0.99,0.04734513656169104,-3,3,5961245.0
small,Q,151,0.99,0.09744471821807199,-5,5,9761460.0
small,Q,151,0.99,0.09628477788873768,-4,4,5312581.0
small,Q,151,0.99,0.057522542729812276,-3,3,1.0591292E7
small,Q,151,0.99,0.09782830961099043,-8,8,5858845.0
small,Q,151,0.99,0.05907097401367256,-4,4,9120673.0
small,Q,151,0.99,0.053134967229275354,-3,3,5605209.0
small,Q,151,0.99,0.057896165816877065,-3,3,5539830.0
small,Q,151,0.99,0.05970628961527602,-3,3,1.1100927E7
small,Q,151,0.99,0.23316302959593438,-8,8,5244840.0
small,Q,151,0.99,0.21852259427709653,-11,11,1.0737409E7
small,Q,151,0.99,0.09728063333164094,-4,4,5490600.0
