gridWorld,strategy,numIncentiveLoc,incentive,lastMaxDelta,rewards,numOfActions,runningTime
large,valueIteration,1,0.0,0.0,-23,23,1.649691009E9
large,valueIteration,1,0.0,0.0,-28,28,1.389827838E9
large,valueIteration,1,0.0,0.0,-22,22,1.081417702E9
large,valueIteration,1,0.0,0.0,-15,15,1.465550535E9
large,valueIteration,1,0.0,0.0,-29,29,9.30704074E8
large,valueIteration,1,0.0,0.0,-18,18,8.14005302E8
large,valueIteration,1,0.0,0.0,-24,24,1.269968063E9
large,valueIteration,1,0.0,0.0,-20,20,1.187591742E9
large,valueIteration,1,0.0,0.0,-23,23,8.16052511E8
large,valueIteration,1,0.0,0.0,-31,31,1.100264389E9
large,valueIteration,1,0.5,0.0,-28,28,9.36246267E8
large,valueIteration,1,0.5,0.0,-18,18,1.066432276E9
large,valueIteration,1,0.5,0.0,-22,22,1.070662964E9
large,valueIteration,1,0.5,0.0,-25,25,8.36505693E8
large,valueIteration,1,0.5,0.0,-20,20,8.21400932E8
large,valueIteration,1,0.5,0.0,-16,16,9.72510375E8
large,valueIteration,1,0.5,0.0,-19,19,9.32653608E8
large,valueIteration,1,0.5,0.0,-37,37,1.075846364E9
large,valueIteration,1,0.5,0.0,-17,17,9.89202726E8
large,valueIteration,1,0.5,0.0,-20,20,9.19125805E8
large,valueIteration,1,1.0,0.0018900873704943422,-29,29,8.14193954E8
large,valueIteration,1,1.0,0.0018900873704943422,-20,20,1.326631396E9
large,valueIteration,1,1.0,0.0018900873704943422,-18,18,8.27904502E8
large,valueIteration,1,1.0,0.0018900873704943422,-18,18,8.21701042E8
large,valueIteration,1,1.0,0.0018900873704943422,-17,17,8.15788241E8
large,valueIteration,1,1.0,0.0018900873704943422,-21,21,8.12828098E8
large,valueIteration,1,1.0,0.0018900873704943422,-26,26,8.1553421E8
large,valueIteration,1,1.0,0.0018900873704943422,-24,24,8.1513682E8
large,valueIteration,1,1.0,0.0018900873704943422,-22,22,1.090000382E9
large,valueIteration,1,1.0,0.0018900873704943422,-16,16,1.07416425E9
large,valueIteration,1,1.15,4.395868913631418E-4,-23,23,8.16795304E8
large,valueIteration,1,1.15,4.395868913631418E-4,-18,18,1.098453487E9
large,valueIteration,1,1.15,4.395868913631418E-4,-27,27,8.16641703E8
large,valueIteration,1,1.15,4.395868913631418E-4,-18,18,1.074800311E9
large,valueIteration,1,1.15,4.395868913631418E-4,-19,19,1.121790406E9
large,valueIteration,1,1.15,4.395868913631418E-4,-25,25,1.065263737E9
large,valueIteration,1,1.15,4.395868913631418E-4,-17,17,8.20311161E8
large,valueIteration,1,1.15,4.395868913631418E-4,-15,15,1.080805273E9
large,valueIteration,1,1.15,4.395868913631418E-4,-18,18,8.40384677E8
large,valueIteration,1,1.15,4.395868913631418E-4,-17,17,8.18396285E8
large,valueIteration,1,1.16,3.4291282397891365E-4,-24,24,1.089844026E9
large,valueIteration,1,1.16,3.4291282397891365E-4,-21,21,1.222744024E9
large,valueIteration,1,1.16,3.4291282397891365E-4,-17,17,1.315207121E9
large,valueIteration,1,1.16,3.4291282397891365E-4,-17,17,8.30693715E8
large,valueIteration,1,1.16,3.4291282397891365E-4,-22,22,8.19609722E8
large,valueIteration,1,1.16,3.4291282397891365E-4,-24,24,8.2021782E8
large,valueIteration,1,1.16,3.4291282397891365E-4,-21,21,1.101015058E9
large,valueIteration,1,1.16,3.4291282397891365E-4,-17,17,8.20657352E8
large,valueIteration,1,1.16,3.4291282397891365E-4,-27,27,1.104802276E9
large,valueIteration,1,1.16,3.4291282397891365E-4,-19,19,8.20050042E8
large,valueIteration,1,1.162,3.235780105015351E-4,-19,19,1.357799144E9
large,valueIteration,1,1.162,3.235780105015351E-4,-22,22,1.082089602E9
large,valueIteration,1,1.162,3.235780105015351E-4,-16,16,8.2232962E8
large,valueIteration,1,1.162,3.235780105015351E-4,-26,26,8.17724779E8
large,valueIteration,1,1.162,3.235780105015351E-4,-27,27,1.338763018E9
large,valueIteration,1,1.162,3.235780105015351E-4,-18,18,8.23867192E8
large,valueIteration,1,1.162,3.235780105015351E-4,-23,23,1.292084061E9
large,valueIteration,1,1.162,3.235780105015351E-4,-26,26,1.164321382E9
large,valueIteration,1,1.162,3.235780105015351E-4,-25,25,1.061686833E9
large,valueIteration,1,1.162,3.235780105015351E-4,-18,18,1.118328504E9
large,valueIteration,1,1.163,3.1391060376284585E-4,-20,20,8.21713645E8
large,valueIteration,1,1.163,3.1391060376284585E-4,-18,18,1.282769221E9
large,valueIteration,1,1.163,3.1391060376284585E-4,-20,20,8.1833839E8
large,valueIteration,1,1.163,3.1391060376284585E-4,-19,19,1.298742018E9
large,valueIteration,1,1.163,3.1391060376284585E-4,-32,32,1.067451942E9
large,valueIteration,1,1.163,3.1391060376284585E-4,-22,22,1.066032917E9
large,valueIteration,1,1.163,3.1391060376284585E-4,-21,21,8.18740506E8
large,valueIteration,1,1.163,3.1391060376284585E-4,-20,20,1.089787705E9
large,valueIteration,1,1.163,3.1391060376284585E-4,-21,21,1.04990337E9
large,valueIteration,1,1.163,3.1391060376284585E-4,-19,19,1.341942533E9
large,valueIteration,2,0.0,0.0,-22,22,1.265672784E9
large,valueIteration,2,0.0,0.0,-22,22,1.147346249E9
large,valueIteration,2,0.0,0.0,-24,24,8.20223334E8
large,valueIteration,2,0.0,0.0,-22,22,8.17535338E8
large,valueIteration,2,0.0,0.0,-16,16,8.16857924E8
large,valueIteration,2,0.0,0.0,-25,25,1.044976757E9
large,valueIteration,2,0.0,0.0,-24,24,1.123523719E9
large,valueIteration,2,0.0,0.0,-18,18,8.18939004E8
large,valueIteration,2,0.0,0.0,-18,18,1.088055573E9
large,valueIteration,2,0.0,0.0,-19,19,1.085103701E9
large,valueIteration,2,0.5,0.0,-19,19,8.23556842E8
large,valueIteration,2,0.5,0.0,-19,19,1.235724776E9
large,valueIteration,2,0.5,0.0,-21,21,1.280681054E9
large,valueIteration,2,0.5,0.0,-22,22,1.157886342E9
large,valueIteration,2,0.5,0.0,-15,15,1.271927444E9
large,valueIteration,2,0.5,0.0,-19,19,1.318347251E9
large,valueIteration,2,0.5,0.0,-17,17,1.075284741E9
large,valueIteration,2,0.5,0.0,-24,24,8.2061521E8
large,valueIteration,2,0.5,0.0,-23,23,1.177429741E9
large,valueIteration,2,0.5,0.0,-21,21,9.61948621E8
large,valueIteration,2,1.0,0.0018900873525709017,-19,19,1.074521862E9
large,valueIteration,2,1.0,0.0018900873525709017,-23,23,1.344463537E9
large,valueIteration,2,1.0,0.0018900873525709017,-19,19,1.077347703E9
large,valueIteration,2,1.0,0.0018900873525709017,-17,17,9.07899634E8
large,valueIteration,2,1.0,0.0018900873525709017,-17,17,1.002369374E9
large,valueIteration,2,1.0,0.0018900873525709017,-22,22,8.1746681E8
large,valueIteration,2,1.0,0.0018900873525709017,-26,26,8.20606546E8
large,valueIteration,2,1.0,0.0018900873525709017,-22,22,8.19582942E8
large,valueIteration,2,1.0,0.0018900873525709017,-21,21,1.296504976E9
large,valueIteration,2,1.0,0.0018900873525709017,-16,16,8.72515771E8
large,valueIteration,2,1.15,4.3958686958767146E-4,-19,19,9.17154214E8
large,valueIteration,2,1.15,4.3958686958767146E-4,-26,26,1.30183016E9
large,valueIteration,2,1.15,4.3958686958767146E-4,-16,16,8.17696816E8
large,valueIteration,2,1.15,4.3958686958767146E-4,-23,23,8.20239088E8
large,valueIteration,2,1.15,4.3958686958767146E-4,-19,19,9.73796674E8
large,valueIteration,2,1.15,4.3958686958767146E-4,-20,20,1.089911373E9
large,valueIteration,2,1.15,4.3958686958767146E-4,-20,20,1.504259636E9
large,valueIteration,2,1.15,4.3958686958767146E-4,-27,27,1.279351431E9
large,valueIteration,2,1.15,4.3958686958767146E-4,-23,23,1.356766481E9
large,valueIteration,2,1.15,4.3958686958767146E-4,-22,22,1.241043659E9
large,valueIteration,2,1.16,3.435185270657115E-4,-19,19,1.532295919E9
large,valueIteration,2,1.16,3.435185270657115E-4,-18,18,1.083566916E9
large,valueIteration,2,1.16,3.435185270657115E-4,-22,22,1.299293401E9
large,valueIteration,2,1.16,3.435185270657115E-4,-29,29,1.262938709E9
large,valueIteration,2,1.16,3.435185270657115E-4,-23,23,8.57831243E8
large,valueIteration,2,1.16,3.435185270657115E-4,-23,23,1.074684914E9
large,valueIteration,2,1.16,3.435185270657115E-4,-16,16,1.08224399E9
large,valueIteration,2,1.16,3.435185270657115E-4,-17,17,1.093992006E9
large,valueIteration,2,1.16,3.435185270657115E-4,-27,27,1.104900343E9
large,valueIteration,2,1.16,3.435185270657115E-4,-21,21,1.00778278E9
large,valueIteration,2,1.162,3.2449858402072707E-4,-22,22,1.297781823E9
large,valueIteration,2,1.162,3.2449858402072707E-4,-22,22,8.9246483E8
large,valueIteration,2,1.162,3.2449858402072707E-4,-19,19,8.21425745E8
large,valueIteration,2,1.162,3.2449858402072707E-4,-23,23,1.267616806E9
large,valueIteration,2,1.162,3.2449858402072707E-4,-19,19,8.7577878E8
large,valueIteration,2,1.162,3.2449858402072707E-4,-21,21,8.32371498E8
large,valueIteration,2,1.162,3.2449858402072707E-4,-21,21,1.286795898E9
large,valueIteration,2,1.162,3.2449858402072707E-4,-22,22,8.20934619E8
large,valueIteration,2,1.162,3.2449858402072707E-4,-20,20,8.22390666E8
large,valueIteration,2,1.162,3.2449858402072707E-4,-17,17,1.096267644E9
large,valueIteration,2,1.163,3.1499232859077964E-4,-20,20,1.259461841E9
large,valueIteration,2,1.163,3.1499232859077964E-4,-23,23,1.091426103E9
large,valueIteration,2,1.163,3.1499232859077964E-4,-15,15,1.016118912E9
large,valueIteration,2,1.163,3.1499232859077964E-4,-24,24,1.108255119E9
large,valueIteration,2,1.163,3.1499232859077964E-4,-25,25,1.155090827E9
large,valueIteration,2,1.163,3.1499232859077964E-4,-23,23,1.369256109E9
large,valueIteration,2,1.163,3.1499232859077964E-4,-17,17,1.121513926E9
large,valueIteration,2,1.163,3.1499232859077964E-4,-21,21,8.21647085E8
large,valueIteration,2,1.163,3.1499232859077964E-4,-20,20,8.28505117E8
large,valueIteration,2,1.163,3.1499232859077964E-4,-19,19,1.503784658E9
large,valueIteration,3,0.0,0.0,-24,24,9.00027451E8
large,valueIteration,3,0.0,0.0,-17,17,1.170798565E9
large,valueIteration,3,0.0,0.0,-21,21,1.209670718E9
large,valueIteration,3,0.0,0.0,-18,18,9.61615034E8
large,valueIteration,3,0.0,0.0,-29,29,1.321086053E9
large,valueIteration,3,0.0,0.0,-17,17,1.216414533E9
large,valueIteration,3,0.0,0.0,-21,21,1.323151772E9
large,valueIteration,3,0.0,0.0,-19,19,1.278924897E9
large,valueIteration,3,0.0,0.0,-19,19,8.24034183E8
large,valueIteration,3,0.0,0.0,-18,18,1.088510465E9
large,valueIteration,3,0.5,0.0,-26,26,1.038425926E9
large,valueIteration,3,0.5,0.0,-22,22,1.208181588E9
large,valueIteration,3,0.5,0.0,-20,20,1.209294595E9
large,valueIteration,3,0.5,0.0,-22,22,1.05159533E9
large,valueIteration,3,0.5,0.0,-23,23,1.388568321E9
large,valueIteration,3,0.5,0.0,-31,31,9.93294781E8
large,valueIteration,3,0.5,0.0,-23,23,1.217969829E9
large,valueIteration,3,0.5,0.0,-26,26,1.193798745E9
large,valueIteration,3,0.5,0.0,-15,15,1.191844878E9
large,valueIteration,3,0.5,0.0,-15,15,9.57519829E8
large,valueIteration,3,1.0,0.0018900873525460327,-25,25,8.20846397E8
large,valueIteration,3,1.0,0.0018900873525460327,-18,18,1.285131901E9
large,valueIteration,3,1.0,0.0018900873525460327,-32,32,8.21352489E8
large,valueIteration,3,1.0,0.0018900873525460327,-22,22,8.22102371E8
large,valueIteration,3,1.0,0.0018900873525460327,-23,23,8.21009055E8
large,valueIteration,3,1.0,0.0018900873525460327,-19,19,8.21030718E8
large,valueIteration,3,1.0,0.0018900873525460327,-21,21,9.91908838E8
large,valueIteration,3,1.0,0.0018900873525460327,-26,26,1.142128979E9
large,valueIteration,3,1.0,0.0018900873525460327,-19,19,8.21376119E8
large,valueIteration,3,1.0,0.0018900873525460327,-20,20,8.22566321E8
large,valueIteration,3,1.15,4.669781737622891E-4,-22,22,8.1797999E8
large,valueIteration,3,1.15,4.669781737622891E-4,-23,23,1.457497577E9
large,valueIteration,3,1.15,4.669781737622891E-4,-19,19,8.94337172E8
large,valueIteration,3,1.15,4.669781737622891E-4,-23,23,8.22190986E8
large,valueIteration,3,1.15,4.669781737622891E-4,-21,21,1.093695046E9
large,valueIteration,3,1.15,4.669781737622891E-4,-23,23,1.037039196E9
large,valueIteration,3,1.15,4.669781737622891E-4,-19,19,1.098719333E9
large,valueIteration,3,1.15,4.669781737622891E-4,-23,23,8.21752636E8
large,valueIteration,3,1.15,4.669781737622891E-4,-20,20,1.023515724E9
large,valueIteration,3,1.15,4.669781737622891E-4,-22,22,1.140345253E9
large,valueIteration,3,1.16,3.7233246133983045E-4,-16,16,1.265701535E9
large,valueIteration,3,1.16,3.7233246133983045E-4,-19,19,1.396827654E9
large,valueIteration,3,1.16,3.7233246133983045E-4,-23,23,1.181085414E9
large,valueIteration,3,1.16,3.7233246133983045E-4,-17,17,9.32693387E8
large,valueIteration,3,1.16,3.7233246133983045E-4,-20,20,9.84719977E8
large,valueIteration,3,1.16,3.7233246133983045E-4,-21,21,1.270669107E9
large,valueIteration,3,1.16,3.7233246133983045E-4,-15,15,9.14236607E8
large,valueIteration,3,1.16,3.7233246133983045E-4,-20,20,1.243788762E9
large,valueIteration,3,1.16,3.7233246133983045E-4,-26,24277717,1.146445131E9
large,valueIteration,3,1.16,3.7233246133983045E-4,-30,30,8.14614187E8
large,valueIteration,3,1.162,3.5340445700660084E-4,-22,22,8.14787479E8
large,valueIteration,3,1.162,3.5340445700660084E-4,-17,17,1.420158665E9
large,valueIteration,3,1.162,3.5340445700660084E-4,-20,20,8.14701621E8
large,valueIteration,3,1.162,3.5340445700660084E-4,-19,19,8.14457437E8
large,valueIteration,3,1.162,3.5340445700660084E-4,-15,15,1.024405421E9
large,valueIteration,3,1.162,3.5340445700660084E-4,-21,21,9.09517551E8
large,valueIteration,3,1.162,3.5340445700660084E-4,-16,16,8.16291181E8
large,valueIteration,3,1.162,3.5340445700660084E-4,-19,19,8.15250247E8
large,valueIteration,3,1.162,3.5340445700660084E-4,-21,21,8.28633903E8
large,valueIteration,3,1.162,3.5340445700660084E-4,-22,22,8.14902482E8
large,valueIteration,3,1.163,3.439410167169754E-4,-19,19,1.045614787E9
large,valueIteration,3,1.163,3.439410167169754E-4,-24,24,9.93104947E8
large,valueIteration,3,1.163,3.439410167169754E-4,-24,24,8.15241583E8
large,valueIteration,3,1.163,3.439410167169754E-4,-19,19,1.063492614E9
large,valueIteration,3,1.163,3.439410167169754E-4,-29,29,1.208975187E9
large,valueIteration,3,1.163,3.439410167169754E-4,-25,25,9.36557799E8
large,valueIteration,3,1.163,3.439410167169754E-4,-20,20,8.21327677E8
large,valueIteration,3,1.163,3.439410167169754E-4,-20,20,1.091867998E9
large,valueIteration,3,1.163,3.439410167169754E-4,-18,18,1.043566003E9
large,valueIteration,3,1.163,3.439410167169754E-4,-24,24,8.20447432E8
