gridWorld,strategy,maxIteration,gamma,lastMaxDelta,rewards,numOfActions,runningTime
small,valueIteration,1,0.8,1.1066666666666667,-292,292,6.1010205E7
small,valueIteration,1,0.8,1.1066666666666667,-67,67,4468177.0
small,valueIteration,1,0.8,1.1066666666666667,-6,6,3333114.0
small,valueIteration,1,0.8,1.1066666666666667,-674,674,6175103.0
small,valueIteration,1,0.8,1.1066666666666667,-5,5,2677362.0
small,valueIteration,1,0.8,1.1066666666666667,-1979,1979,2729348.0
small,valueIteration,1,0.8,1.1066666666666667,-6,6,1813264.0
small,valueIteration,1,0.8,1.1066666666666667,-2129,2129,1715197.0
small,valueIteration,1,0.8,1.1066666666666667,-265,265,2120857.0
small,valueIteration,1,0.8,1.1066666666666667,-106,106,3463871.0
small,valueIteration,1,0.9,1.1199999999999999,-17,17,2465866.0
small,valueIteration,1,0.9,1.1199999999999999,-14,14,2765976.0
small,valueIteration,1,0.9,1.1199999999999999,-120,120,2339836.0
small,valueIteration,1,0.9,1.1199999999999999,-11,11,2577324.0
small,valueIteration,1,0.9,1.1199999999999999,-10,10,2344562.0
small,valueIteration,1,0.9,1.1199999999999999,-102,102,2266974.0
small,valueIteration,1,0.9,1.1199999999999999,-4,4,2468624.0
small,valueIteration,1,0.9,1.1199999999999999,-9,9,2856561.0
small,valueIteration,1,0.9,1.1199999999999999,-130,130,2682088.0
small,valueIteration,1,0.9,1.1199999999999999,-54,54,2512340.0
small,valueIteration,1,0.99,1.132,-7,7,2437903.0
small,valueIteration,1,0.99,1.132,-37,37,1817991.0
small,valueIteration,1,0.99,1.132,-27,27,1003124.0
small,valueIteration,1,0.99,1.132,-8,8,1000762.0
small,valueIteration,1,0.99,1.132,-31,31,1221315.0
small,valueIteration,1,0.99,1.132,-195,195,767605.0
small,valueIteration,1,0.99,1.132,-9,9,2178753.0
small,valueIteration,1,0.99,1.132,-71,71,2509190.0
small,valueIteration,1,0.99,1.132,-11,11,2739195.0
small,valueIteration,1,0.99,1.132,-61,61,2567873.0
small,valueIteration,3,0.8,0.6627727621267494,-6,6,4346873.0
small,valueIteration,3,0.8,0.6627727621267494,-3,3,4341358.0
small,valueIteration,3,0.8,0.6627727621267494,-3,3,4164128.0
small,valueIteration,3,0.8,0.6627727621267494,-5,5,4233444.0
small,valueIteration,3,0.8,0.6627727621267494,-3,3,4153100.0
small,valueIteration,3,0.8,0.6627727621267494,-3,3,4157827.0
small,valueIteration,3,0.8,0.6627727621267494,-3,3,4424460.0
small,valueIteration,3,0.8,0.6627727621267494,-5,5,4118442.0
small,valueIteration,3,0.8,0.6627727621267494,-3,3,4032584.0
small,valueIteration,3,0.8,0.6627727621267494,-3,3,4260621.0
small,valueIteration,3,0.9,0.8685514368000002,-4,4,4038491.0
small,valueIteration,3,0.9,0.8685514368000002,-3,3,4186578.0
small,valueIteration,3,0.9,0.8685514368000002,-5,5,4191697.0
small,valueIteration,3,0.9,0.8685514368000002,-4,4,1576563.0
small,valueIteration,3,0.9,0.8685514368000002,-3,3,1221315.0
small,valueIteration,3,0.9,0.8685514368000002,-5,5,1197291.0
small,valueIteration,3,0.9,0.8685514368000002,-3,3,1398151.0
small,valueIteration,3,0.9,0.8685514368000002,-3,3,1669904.0
small,valueIteration,3,0.9,0.8685514368000002,-5,5,1670298.0
small,valueIteration,3,0.9,0.8685514368000002,-5,5,1417450.0
small,valueIteration,3,0.99,1.083537426711168,-4,4,1263457.0
small,valueIteration,3,0.99,1.083537426711168,-3,3,1749461.0
small,valueIteration,3,0.99,1.083537426711168,-3,3,2255553.0
small,valueIteration,3,0.99,1.083537426711168,-3,3,2198051.0
small,valueIteration,3,0.99,1.083537426711168,-3,3,1076774.0
small,valueIteration,3,0.99,1.083537426711168,-5,5,825894.0
small,valueIteration,3,0.99,1.083537426711168,-3,3,817230.0
small,valueIteration,3,0.99,1.083537426711168,-4,4,1077167.0
small,valueIteration,3,0.99,1.083537426711168,-3,3,1208318.0
small,valueIteration,3,0.99,1.083537426711168,-3,3,1530483.0
small,valueIteration,5,0.8,0.419930027882613,-4,4,2087775.0
small,valueIteration,5,0.8,0.419930027882613,-3,3,1982618.0
small,valueIteration,5,0.8,0.419930027882613,-8,8,1189019.0
small,valueIteration,5,0.8,0.419930027882613,-4,4,1200441.0
small,valueIteration,5,0.8,0.419930027882613,-3,3,1261093.0
small,valueIteration,5,0.8,0.419930027882613,-3,3,1178385.0
small,valueIteration,5,0.8,0.419930027882613,-6,6,1220133.0
small,valueIteration,5,0.8,0.419930027882613,-4,4,1164207.0
small,valueIteration,5,0.8,0.419930027882613,-3,3,2179935.0
small,valueIteration,5,0.8,0.419930027882613,-3,3,2079898.0
small,valueIteration,5,0.9,0.6855983594145796,-4,4,2035000.0
small,valueIteration,5,0.9,0.6855983594145796,-6,6,1719530.0
small,valueIteration,5,0.9,0.6855983594145796,-4,4,1166570.0
small,valueIteration,5,0.9,0.6855983594145796,-10,10,1921572.0
small,valueIteration,5,0.9,0.6855983594145796,-3,3,1875098.0
small,valueIteration,5,0.9,0.6855983594145796,-3,3,1836108.0
small,valueIteration,5,0.9,0.6855983594145796,-4,4,1967258.0
small,valueIteration,5,0.9,0.6855983594145796,-4,4,1817990.0
small,valueIteration,5,0.9,0.6855983594145796,-4,4,2012550.0
small,valueIteration,5,0.9,0.6855983594145796,-3,3,2063357.0
small,valueIteration,5,0.99,1.0485343704270242,-3,3,2091713.0
small,valueIteration,5,0.99,1.0485343704270242,-5,5,1290238.0
small,valueIteration,5,0.99,1.0485343704270242,-5,5,1261487.0
small,valueIteration,5,0.99,1.0485343704270242,-4,4,1223678.0
small,valueIteration,5,0.99,1.0485343704270242,-4,4,1871553.0
small,valueIteration,5,0.99,1.0485343704270242,-3,3,1202410.0
small,valueIteration,5,0.99,1.0485343704270242,-3,3,1257548.0
small,valueIteration,5,0.99,1.0485343704270242,-3,3,1173659.0
small,valueIteration,5,0.99,1.0485343704270242,-4,4,1664391.0
small,valueIteration,5,0.99,1.0485343704270242,-3,3,1281180.0
small,valueIteration,7,0.8,0.19035073889555054,-4,4,2690752.0
small,valueIteration,7,0.8,0.19035073889555054,-3,3,2848291.0
small,valueIteration,7,0.8,0.19035073889555054,-3,3,2578506.0
small,valueIteration,7,0.8,0.19035073889555054,-4,4,2526913.0
small,valueIteration,7,0.8,0.19035073889555054,-3,3,2341805.0
small,valueIteration,7,0.8,0.19035073889555054,-3,3,1558053.0
small,valueIteration,7,0.8,0.19035073889555054,-4,4,1512760.0
small,valueIteration,7,0.8,0.19035073889555054,-4,4,1730163.0
small,valueIteration,7,0.8,0.19035073889555054,-4,4,1513941.0
small,valueIteration,7,0.8,0.19035073889555054,-3,3,2482014.0
small,valueIteration,7,0.9,0.4448256746722281,-3,3,1801843.0
small,valueIteration,7,0.9,0.4448256746722281,-7,7,1546237.0
small,valueIteration,7,0.9,0.4448256746722281,-4,4,1602951.0
small,valueIteration,7,0.9,0.4448256746722281,-7,7,1591923.0
small,valueIteration,7,0.9,0.4448256746722281,-6,6,1991677.0
small,valueIteration,7,0.9,0.4448256746722281,-9,9,2596229.0
small,valueIteration,7,0.9,0.4448256746722281,-4,4,2545030.0
small,valueIteration,7,0.9,0.4448256746722281,-3,3,2819146.0
small,valueIteration,7,0.9,0.4448256746722281,-4,4,2576930.0
small,valueIteration,7,0.9,0.4448256746722281,-3,3,1545844.0
small,valueIteration,7,0.99,0.8929394632180063,-3,3,1392243.0
small,valueIteration,7,0.99,0.8929394632180063,-4,4,3355563.0
small,valueIteration,7,0.99,0.8929394632180063,-3,3,3019613.0
small,valueIteration,7,0.99,0.8929394632180063,-3,3,3011736.0
small,valueIteration,7,0.99,0.8929394632180063,-3,3,3018038.0
small,valueIteration,7,0.99,0.8929394632180063,-7,7,3003859.0
small,valueIteration,7,0.99,0.8929394632180063,-5,5,3239773.0
small,valueIteration,7,0.99,0.8929394632180063,-3,3,2971564.0
small,valueIteration,7,0.99,0.8929394632180063,-4,4,2966050.0
small,valueIteration,7,0.99,0.8929394632180063,-3,3,2982986.0
small,valueIteration,9,0.8,0.011927161380478779,-5,5,3727747.0
small,valueIteration,9,0.8,0.011927161380478779,-4,4,3712781.0
small,valueIteration,9,0.8,0.011927161380478779,-3,3,3690332.0
small,valueIteration,9,0.8,0.011927161380478779,-5,5,3790369.0
small,valueIteration,9,0.8,0.011927161380478779,-3,3,3765163.0
small,valueIteration,9,0.8,0.011927161380478779,-4,4,3522160.0
small,valueIteration,9,0.8,0.011927161380478779,-7,7,3032610.0
small,valueIteration,9,0.8,0.011927161380478779,-4,4,2482802.0
small,valueIteration,9,0.8,0.011927161380478779,-3,3,2509977.0
small,valueIteration,9,0.8,0.011927161380478779,-3,3,2427270.0
small,valueIteration,9,0.9,0.04139833689333905,-5,5,2446961.0
small,valueIteration,9,0.9,0.04139833689333905,-3,3,2407971.0
small,valueIteration,9,0.9,0.04139833689333905,-3,3,4072755.0
small,valueIteration,9,0.9,0.04139833689333905,-3,3,4201543.0
small,valueIteration,9,0.9,0.04139833689333905,-3,3,3041274.0
small,valueIteration,9,0.9,0.04139833689333905,-5,5,4159008.0
small,valueIteration,9,0.9,0.04139833689333905,-4,4,3044426.0
small,valueIteration,9,0.9,0.04139833689333905,-3,3,3608806.0
small,valueIteration,9,0.9,0.04139833689333905,-3,3,3350443.0
small,valueIteration,9,0.9,0.04139833689333905,-5,5,3182666.0
small,valueIteration,9,0.99,0.11532060741141414,-3,3,3038518.0
small,valueIteration,9,0.99,0.11532060741141414,-3,3,2333534.0
small,valueIteration,9,0.99,0.11532060741141414,-5,5,2563934.0
small,valueIteration,9,0.99,0.11532060741141414,-3,3,2623404.0
small,valueIteration,9,0.99,0.11532060741141414,-3,3,2572599.0
small,valueIteration,9,0.99,0.11532060741141414,-3,3,2422937.0
small,valueIteration,9,0.99,0.11532060741141414,-6,6,2008218.0
small,valueIteration,9,0.99,0.11532060741141414,-3,3,5.6493192E7
small,valueIteration,9,0.99,0.11532060741141414,-3,3,1892821.0
small,valueIteration,9,0.99,0.11532060741141414,-3,3,1831382.0
small,valueIteration,11,0.8,9.108177417349594E-4,-3,3,2734862.0
small,valueIteration,11,0.8,9.108177417349594E-4,-4,4,3507587.0
small,valueIteration,11,0.8,9.108177417349594E-4,-3,3,2352045.0
small,valueIteration,11,0.8,9.108177417349594E-4,-3,3,1677388.0
small,valueIteration,11,0.8,9.108177417349594E-4,-3,3,1836502.0
small,valueIteration,11,0.8,9.108177417349594E-4,-3,3,1649031.0
small,valueIteration,11,0.8,9.108177417349594E-4,-3,3,1716772.0
small,valueIteration,11,0.8,9.108177417349594E-4,-3,3,1688021.0
small,valueIteration,11,0.8,9.108177417349594E-4,-3,3,1637609.0
small,valueIteration,11,0.8,9.108177417349594E-4,-3,3,1669117.0
small,valueIteration,11,0.9,0.0046346936520018645,-3,3,2034212.0
small,valueIteration,11,0.9,0.0046346936520018645,-5,5,1682507.0
small,valueIteration,11,0.9,0.0046346936520018645,-5,5,1738040.0
small,valueIteration,11,0.9,0.0046346936520018645,-5,5,1634458.0
small,valueIteration,11,0.9,0.0046346936520018645,-3,3,1636822.0
small,valueIteration,11,0.9,0.0046346936520018645,-3,3,1637609.0
small,valueIteration,11,0.9,0.0046346936520018645,-5,5,1641942.0
small,valueIteration,11,0.9,0.0046346936520018645,-5,5,1646274.0
small,valueIteration,11,0.9,0.0046346936520018645,-3,3,1697080.0
small,valueIteration,11,0.9,0.0046346936520018645,-5,5,2116526.0
small,valueIteration,11,0.99,0.01766555670590897,-3,3,2099196.0
small,valueIteration,11,0.99,0.01766555670590897,-3,3,2802211.0
small,valueIteration,11,0.99,0.01766555670590897,-6,6,2692328.0
small,valueIteration,11,0.99,0.01766555670590897,-3,3,2478076.0
small,valueIteration,11,0.99,0.01766555670590897,-4,4,2343381.0
small,valueIteration,11,0.99,0.01766555670590897,-4,4,2569448.0
small,valueIteration,11,0.99,0.01766555670590897,-3,3,2511553.0
small,valueIteration,11,0.99,0.01766555670590897,-3,3,2643490.0
small,valueIteration,11,0.99,0.01766555670590897,-3,3,2749435.0
small,valueIteration,11,0.99,0.01766555670590897,-5,5,2629312.0
